0.02952910864156613
0.03554467429102609
0.030132375758826786
0.029662572706737174
0.032556132588082314
0.034638715139890607
0.03484194404921766
0.02764417642136706
0.03805966777281297
0.03534227966541161
0.03655640926199691
0.03307220932335103
0.03967672586725439
0.029230517987855774
0.035782561900205415
0.04380706780291025
0.032812739775065186
0.03048308749295424
0.039860262633779786
0.036896484381408114
0.031415523877689075
0.03187206795644994
0.03864632976643793
0.02797102125590144
0.031012446542588716
0.03372458123789398
0.026869095761081464
0.03847964869128463
0.032808128967673544
0.035118041822835455
0.03742350996976748
0.03499484503261784
0.03893249079067013
0.043067541670158305
0.04091478096429888
0.03711641287545114
0.04229743059255224
0.028678336491272882
0.03209904845912272
0.0326342411923604
0.03102798737777327
0.033335377378184754
0.03485198600083619
0.0375132640054265
0.03906365923832089
0.031972807399085694
0.039105731214027536
0.02766404291102581
0.03942841199579025
0.026783929065734357
0.04224975502132061
0.03136410666503998
0.029598752484028525
0.040358114391898924
0.028396840019262175
0.03471464010423782
0.027998314775818836
0.029563684740433818
0.03121578246621914
0.041480555739448234
0.029463565124002774
0.03881208007849542
0.04653314778843858
0.04341008988449673
0.03312572928980348
0.037049841641562414
0.03322254337224069
0.02858247571451884
0.04243235434107427
0.03345803036617527
0.02833208648281424
0.03524028685501135
0.028226036660096643
0.03524542793957677
0.029349875085068453
0.034687396649249046
0.04261801033665425
0.028913101226175533
0.030878172575585068
0.02962858943193565
0.03078297682634679
0.037634641332682586
0.02856063422014236
0.032360602897920344
0.03986250195535219
0.03778475030381545
0.03529819110069571
0.03167545917943405
0.033616895232036995
0.029640272203961364
0.04293866287874531
0.030563336334080326
0.046220411466520006
0.03126985712435077
0.04752046067726424
0.03196048934388108
0.03927829386441449
0.033653240437705546
0.03428889943442621
0.048565002289798716
0.04131369037814778
0.029740580782904685
0.0347475737042673
0.03779394742371696
0.02962486914752926
0.031053987706130347
0.0314231879077385
0.0330692408345287
0.04181861315739119
0.03964484406259945
0.043162668813159354
0.04380173155543787
0.04091453567760267
0.030934964089486237
0.03319453310477267
0.03202624216936699
0.026475637755454594
0.03906984275250177
0.031030437683554478
0.03562317643377911
0.030906908235283893
0.0400068654481793
0.0335292892247302
0.0324471518933138
0.04319577803156997
0.03055489661394998
0.031594170377882154
0.029312464848404874
0.0358296778543224
0.034100945548990874
0.04353682685001002
0.03066146125385708
0.03275312070646525
0.035266496482363796
0.0418449940916143
0.030502692151080434
0.03869615604279672
0.03088146900145173
0.033189451959674404
0.03348060775776935
0.031922940418926335
0.029422756127336226
0.030587768195572473
0.03859907894578261
0.04943341706327011
0.031123386921030866
0.02977919727990666
0.030321215600389445
0.02971073281107858
0.027186327800100003
0.038124356387273246
0.027033834728510474
0.02813869095027307
0.04007189254623066
0.027656669418926808
0.03150860135408813
0.039584942044291326
0.032263327296239826
0.0324849196295243
0.030851427597865244
0.032919001506815815
0.02821700049701944
0.03382908292259391
0.03888242643249169
0.02703775064677311
0.040932259511525446
0.03585174825559197
0.0294293577996341
0.036230437388939364
0.03323421531715811
0.02790911474642769
0.03425295277604856
0.04694912818092565
0.03293512144495257
0.036830418353583624
0.029745527039414382
0.035411769084110235
0.030986335198364055
0.03256869007214288
0.032763607901414644
0.03745221995266034
0.03956681963469373
0.0320980409475219
0.03242244194011183
0.04581140615997493
0.03582846824158724
0.04047505696806593
0.044274855669534804
0.031027461066102047
0.03858502490869244
0.03572548832623704
0.03227713652084205
0.03438621982083814
0.03510596140802568
0.0330489305611082
0.03241238778669475
0.027922603151887864
0.02997109955489832
0.030514436720218325
0.030667811900036018
0.03310023463999189
0.03193625841261123
0.03500342258034095
0.03426977848572364
0.04353748701861437
0.03943702302509847
0.03064018754469067
0.033427654470492445
0.03618754240635727
0.03657146725403336
0.0340105136482416
0.031427172550608604
0.03238162911995867
0.036027068074851676
0.02737348836358172
0.029430879482476253
0.032189500461519735
0.026683880519711184
0.027760164580333237
0.040538398377058596
0.03651378295937743
0.03618803550510418
0.0438964539752421
0.026993183863855515
0.0341360073344166
0.03217066695701719
0.04025789732343478
0.030122340233242437
0.03034767046185836
0.03104088474178433
0.03731220922747914
0.03412977293238754
0.03829593968669423
0.02686387961669309
0.02726642021292504
0.033168687755219445
0.03003106205339725
0.028755422213407038
0.03365536048501762
0.02970617154774651
0.0367677322583971
0.026491846654547197
0.031085955183324288
0.032659158743792646
0.05318846021843738
0.03769508299567081
0.04080426172067184
0.032666630344297835
0.0331378543409744
0.027709336510062754
0.039564074505042755
0.027190638389906572
0.03213789505256778
0.04934681084445541
0.03132737195021727
0.03564034355970071
