0.04856764904615121
0.03548203105402421
0.034587639099038364
0.03767710382910831
0.03223690216839335
0.02826690918925384
0.04586787627973754
0.027707934378838242
0.03487075746045741
0.03535219906051412
0.035303365386922615
0.031983815128077735
0.049953029788245965
0.0347867138886842
0.037766865247812094
0.03940672031645312
0.03258928799955652
0.03405636160293396
0.02799992065271433
0.030811608684566706
0.038124398515805916
0.02771470123047776
0.0328597066294899
0.041738165548914595
0.03850026580767232
0.03315557449153914
0.02806164970369362
0.027056493291759492
0.03205534940213609
0.04169828497609124
0.032921680787926
0.027928704142111876
0.03243647279693232
0.029640788479636967
0.038567020952224064
0.033888873206502176
0.02789056403401354
0.034714336464860045
0.03346283350561806
0.03722645149554034
0.04109324933978529
0.03600887583012127
0.035137175216689846
0.03615244098799759
0.030527418392796157
0.03149603706518847
0.03825271554258047
0.037082023553212495
0.032680479561024905
0.03288531472313007
0.028345367978083253
0.028444933117028417
0.02849167159946583
0.03641913188952932
0.03426081347027667
0.033521644885252604
0.03609282023078751
0.044799863543596434
0.03709120281957122
0.03216141390639882
0.030988916510308818
0.03384732782771141
0.03857448497770613
0.036589545078346886
0.0341619234542601
0.034035216877840425
0.026699282052688556
0.038661390587168734
0.03956432217616032
0.034842261759708094
0.03923716840660478
0.03551667380927472
0.03434718694686006
0.040004891811471086
0.03320308377476368
0.039831276482953815
0.04083951282151153
0.03736755893390048
0.035290088174888025
0.0397514446830135
0.03477549470687713
0.0373689631826635
0.03356406556915179
0.0366161118585397
0.030799219554923662
0.03367536653163128
0.05079041794696462
0.0324798297175801
0.04198141650147924
0.034117944616106885
0.027768827679201767
0.038952602391648085
0.02583394048396763
0.03720925842429046
0.03887450787162393
0.03833060597354353
0.02861331629801313
0.029040572882119763
0.03300988676588523
0.038028225148194844
0.03835283336439661
0.04095779083591095
0.02960519837272817
0.032243471815307095
0.03197136398093174
0.030535914499252564
0.03332613891645745
0.03667360697728341
0.03166968333423524
0.02839982392548801
0.04454374048637217
0.04061569072744555
0.03296696740638579
0.04089056396405945
0.029687644883207416
0.04047230529902324
0.03230097152886367
0.0333869272692354
0.03506377473254432
0.03848787280887797
0.035582819960867394
0.027941052216857023
0.03351113934746259
0.029152657467906577
0.03517338886435944
0.035716657024499915
0.03311444574627055
0.033373936415763465
0.0387955714709893
0.02665561012573408
0.034365555192507884
0.036138488956893
0.03676516529375022
0.03491081335713852
0.03499362946726803
0.028727959301000815
0.027866787850237933
0.034585373122543527
0.0356373795320941
0.03504754211818251
0.03939564073678603
0.04322215815853458
0.028604380279242305
0.036596999105803094
0.028519719028020033
0.03411829565576553
0.026776442053598075
0.03289340154717973
0.040433580406912945
0.04054257430920156
0.031243625796218682
0.034293654104577485
0.031348138452772234
0.04669767609976122
0.044471393660984695
0.036226107285637986
0.036134727592345615
0.024574127102741154
0.03286720912703523
0.032838215664811314
0.0329434755572366
0.03907051516203813
0.034208791496733434
0.04051901950769455
0.03200150794421841
0.030536339929741124
0.04092185567917233
0.03933026220517848
0.030070434054773693
0.03343871256379286
0.0354981820873986
0.04305522693320343
0.029806494903250647
0.03437638319263819
0.04321051735128644
0.0332298674278046
0.04110437083658732
0.03345534061005631
0.03633853454290456
0.036077716166122875
0.0479274706185049
0.0365156457744245
0.03016106303129012
0.03411815254819307
0.030407331619443735
0.038181525465598026
0.040821222313158816
0.03242447789753995
0.034611819286674776
0.03173408280698762
0.03951515309263976
0.029328724001622966
0.03216873042018072
0.03741134954635574
0.03577802062786631
0.041323167574724186
0.02773660561647924
0.03517039732310941
0.03084192968069875
0.03224292299340614
0.04105325877425008
0.03588891243860538
0.039306606828238874
0.03951331767822751
0.041688312466341484
0.03209009290343432
0.02524493674912013
0.039474095283926335
0.03661380839963527
0.0367577075960134
0.02624834225959161
0.03466191901419561
0.027837323233530616
0.040809167133787315
0.048081073240244326
0.032981329726650646
0.02850710003371483
0.033584644747966234
0.03479091965946764
0.03388055383490624
0.03339280505303419
0.029271161967872234
0.04540980828702221
0.03551506013136339
0.03972752567314268
0.03291712615661389
0.03239750172731766
0.027337393849036683
0.028296737448387427
0.030564191167372638
0.034356336439298175
0.028186827357538975
0.042909195269639426
0.02624061154987325
0.034291678667744095
0.034212165979844195
0.03721065832522045
0.030898683276146557
0.028973529053261893
0.030911627020458868
0.03830226110375573
0.035729279458720176
0.03428918707159143
0.026569914599742412
0.02866472772627522
0.039364747116633465
0.03047270078804554
0.03860846536820348
0.035179321978317586
0.03969868909697122
0.03180896936557526
0.030877525488290064
0.03581187426050465
0.02941592776330335
0.038621863095842375
0.03864359312684783
