0.02590156121183274
0.03211131308686406
0.03155290057986997
0.0301131536964546
0.03622928551536419
0.03466208748401782
0.033892867133726835
0.03107047098662411
0.03274681912228968
0.02955746419298398
0.037065936002173235
0.03554085989615676
0.0377316044810176
0.0336777741832257
0.03125924246740669
0.031156829391485272
0.03636043190810897
0.05099959945814998
0.045664155954984666
0.036608600472197016
0.03686082873865794
0.031848913824258356
0.03939176520160725
0.03269986411773267
0.03241356861505414
0.026977359538500254
0.02912980770596347
0.03559625672526348
0.028842617148634966
0.04391875221140899
0.03229672835630481
0.03544573222235402
0.03309101020889696
0.03974472621076058
0.041859315022720306
0.03401505507978513
0.031010058579790258
0.03640975143389083
0.03362176343648857
0.03658369622613474
0.03199808812051368
0.029726210126982882
0.026346629788753347
0.03672439863841019
0.03352529326296777
0.03064784851212684
0.033866386863395714
0.03253005206282998
0.028046714702583644
0.03521479669157007
0.03555346027554033
0.03438203638672555
0.03397562060248005
0.032779258890408926
0.03120532532283557
0.030795890209820345
0.03740243381851713
0.030517352829473526
0.03353227186610909
0.029234907560304797
0.036741991038247844
0.038554985690255505
0.0466430646143011
0.031624085611824185
0.03156775058091517
0.03132409816529215
0.0322950333477576
0.03573540308897472
0.04139060496533079
0.034998100895391966
0.0336987341032994
0.033365020076022336
0.03154812300986381
0.03878707455382382
0.03094336964058642
0.024854100479534253
0.0295079532510391
0.02812978190204055
0.04495955080469332
0.03535485450413893
0.03353958394515715
0.029692087181809504
0.03814405088036344
0.0302980782951787
0.03750114022728806
0.032829112666471406
0.029480626415906857
0.03502080899761769
0.03237128531432873
0.0394904521148298
0.033564003198622114
0.03117984902840942
0.043088969422171226
0.037683094633257905
0.034482190951823956
0.03234071247905004
0.0275190706720726
0.031094162993342656
0.030855561343119845
0.04847012473188512
0.036117490824068135
0.03667556419132505
0.03866057332133666
0.02664041190287852
0.030763236134547605
0.041754260137825065
0.04029030648718031
0.03729836988598206
0.04159048512975772
0.03999113000320072
0.036911334653170806
0.032397268446118614
0.02600027767679823
0.03158789374527056
0.03126466715250173
0.031179128798320334
0.03298052584188734
0.04602791958230776
0.030449222491448696
0.034505821855123915
0.038201960548710605
0.04271386229676314
0.0268430918690717
0.03629733136372038
0.033254823531551014
0.033552808529438524
0.03421431506297488
0.04556849236787924
0.0379298939735104
0.02836094869836343
0.028010925540325953
0.03005033796073941
0.03859185194968194
0.029988439716952395
0.03633430415608324
0.02762257863270861
0.027126686400728493
0.03773745976790672
0.03720303831821096
0.030466936691167488
0.03177644052751058
0.05122880917652811
0.03746104500203452
0.03516726896182441
0.038349874465084886
0.0407069599718416
0.04245638747933534
0.0348075622683857
0.042502703214135705
0.03106779216377453
0.037276796230110924
0.029901899667650906
0.03682289687533856
0.032045753212339705
0.039491009510470035
0.03127975487248833
0.03494169715886044
0.027524366105943318
0.034211986302239566
0.033255535594044275
0.03236462100497224
0.03451111742867165
0.031007332788482993
0.0282835507363521
0.03791031877162276
0.029493319955101665
0.025743339394087978
0.032365907744680726
0.03569519595400509
0.02512356658558546
0.03976093885933109
0.02645209857743648
0.034623353448947035
0.0352692721233679
0.0422028825167393
0.033790075640717745
0.04855158567259326
0.04757881810333292
0.036169722942330486
0.03947726987593375
0.03645136720429921
0.03605567214540838
0.03524483246489041
0.032919452989418486
0.042715729027405766
0.02974547582814606
0.037447822426887205
0.035013227477918796
0.03315290400296654
0.0326563499082588
0.033258931244604356
0.03559337591355537
0.040784639927582876
0.03864192016218806
0.031331942609622236
0.03174915228680562
0.032114477079534284
0.039367897820417865
0.02940353955618677
0.029877743217046768
0.04322401088624452
0.04030579970506204
0.03017934423212805
0.05353533705504738
0.03321975604504612
0.04165909449799565
0.029073594233011934
0.03880039073229551
0.03485979700087763
0.027733869305075248
0.03939265645589702
0.031551506541350686
0.03230485438493129
0.03792896823717353
0.03463532392248447
0.027551110200434437
0.027634666652785148
0.03373749674156898
0.03816264647315339
0.026838171708413124
0.03067388612449346
0.031006700775512347
0.03335563040716575
0.03914431540799698
0.038894625325222344
0.03179889088129134
0.03128838303933917
0.03917411202322714
0.032431702104001155
0.031902885100576754
0.0401362003653969
0.04395602652846539
0.04011827661397204
0.0302096554358424
0.036845310965828305
0.03587340720608324
0.03792292731792812
0.029340940077134423
0.03844674773754484
0.043139081601662244
0.027274946791802097
0.03922124272748499
0.046029829441657455
0.030956049047441352
0.028267694600817947
0.030593154074472398
0.038724548414647855
0.035613838328956836
0.03198967624772393
0.03159268938303063
0.03396791025321972
0.04315093502744788
0.027000083066585037
0.034373045854204066
0.04555866027419238
0.047245042395895546
