0.03073044886701867
0.04300788122983467
0.027323530067347643
0.03311493934071614
0.032047390022475204
0.033575610933383404
0.040963464573789556
0.040051200350071835
0.03297521735917564
0.0350679405574601
0.030384773734480015
0.04214986302207831
0.03829599628589523
0.03126077751359231
0.03977160766445386
0.034495884550246665
0.04360830059346734
0.035787478438982015
0.030242788105213567
0.03117229862251062
0.05501730971629664
0.03240524154672659
0.026052584541400074
0.028907281556058845
0.04093266891286471
0.03599924997316651
0.04915309116210161
0.031155252562996314
0.03112624787522513
0.034793566450228616
0.03037758429204704
0.039519989679848544
0.032520470467008525
0.032943000270149715
0.03333385521017351
0.04084575410596739
0.03627463904013601
0.037265683363342274
0.03015144630354611
0.04066589669324416
0.03493417312956344
0.03730592540766055
0.04922540293302207
0.03247836047480963
0.03259955565900834
0.03900604941000728
0.03921973025013425
0.030171517291487874
0.030785023638236132
0.03983429709662406
0.03499725402965867
0.03949866907407333
0.036094996445936826
0.045101444197148934
0.03486622863304892
0.03413152018049384
0.04482364272461876
0.03951587899375228
0.025189645468803295
0.033223955055077116
0.029432815042553396
0.026017050647151742
0.03275734727605672
0.033334892353629915
0.04491919807884443
0.03790411794870376
0.039422268678230364
0.037247491165656926
0.03172083091245375
0.036560311074082696
0.034609529136262536
0.038592591953611255
0.03390137646525692
0.03842337561087418
0.0263545140278958
0.033157907492158925
0.03040439532363476
0.03232833503111662
0.040581829361809346
0.03372809905515065
0.03556064116616441
0.029630352443132075
0.03618001223053681
0.029170437473895864
0.03749658460940386
0.02731519571028545
0.02905211640786893
0.028246686008211508
0.041909632021225995
0.03459319764662319
0.03506587987178908
0.032358280914945484
0.03409321695664984
0.04272450040986747
0.03452320104145729
0.031178902150407778
0.04435426991256318
0.03516336962404881
0.036628691237301045
0.031370574226088764
0.032769792128179945
0.031464478136952745
0.040475398308290916
0.02889269677244698
0.04091007666990649
0.0435240612458707
0.03802339518798855
0.0457240657212889
0.028913481674600783
0.027345319254415017
0.03575230471938853
0.03724954625101175
0.029285901519103107
0.030782373136903612
0.03473786361971835
0.03923947620811594
0.03695426620723576
0.0440185108637023
0.03684603633555487
0.03400196368537822
0.03134103167385766
0.03465052436999275
0.030639524221733144
0.04287747526016363
0.029746520730142795
0.03819337362211431
0.03744257500476278
0.030648451111054055
0.03745744216094712
0.03755573538601879
0.03775472741202855
0.038072537574722544
0.0296393356674685
0.04633479245675275
0.031607337314458195
0.030822363646408245
0.03762422748702474
0.03565339926182388
0.02627871590448277
0.042495132560362386
0.03132761428508566
0.029493717622250157
0.03359111285352156
0.03966975425658003
0.030525145226325778
0.038268937900467224
0.03254236299368105
0.03694251890213049
0.0323689541464327
0.040827298173729536
0.03625177867104174
0.02753526985039797
0.03144088589566045
0.036867185012644604
0.03185475882477361
0.03619646604572487
0.05085728935130435
0.02787177323435415
0.030225871652363543
0.03706252766051876
0.03546363669338243
0.04000519865325343
0.041627472290700254
0.040841444605284466
0.03779856789473165
0.0426830374631703
0.03026445843229784
0.03287595838707261
0.037854823483469476
0.03170866414798956
0.03502259220175232
0.035375846217882034
0.03467313854927412
0.03146981979116535
0.03279418237321845
0.03875092604773672
0.029507886845909326
0.03283019550229307
0.03414757651888261
0.042821202339114496
0.034263291685644674
0.02949726752074392
0.03910983754363404
0.02698454941096198
0.04388392891456046
0.03673720800048903
0.04425744069759759
0.031870537774448524
0.036452913543769144
0.03710739456487015
0.03273352766134062
0.0325816939947016
0.025295304383263478
0.03658262542250679
0.035009834104228026
0.030904183308583917
0.03162523272267395
0.04190878910247934
0.029330654593841328
0.040686947136550765
0.034961020435280044
0.028767195061973144
0.03957966145193445
0.046462971841343334
0.02744852651210483
0.03709977812058898
0.037213468080796896
0.045517157020104275
0.03386287397860536
0.038288192381194276
0.03502280842951633
0.030096091182423335
0.032308420179001894
0.027764349768175794
0.031031244229872846
0.03114861402181401
0.039286287342686084
0.03486586642212812
0.036723547783306366
0.025641584647012133
0.03383829747687331
0.0332525573465581
0.041041219945201865
0.03290040550596211
0.04392098130520504
0.03296783307283591
0.028126697900947267
0.03680019862472858
0.04134576846228556
0.03127211481755168
0.033718345331293254
0.029198008514732306
0.029130469432587038
0.03351034686257686
0.03449586560728158
0.032595229957428654
0.036787042105303445
0.03873679518927165
0.03255938588856559
0.031170610993502157
0.040331460790087
0.03506706922896016
0.03834322338902776
0.036966037913130925
0.028490068541890585
0.031134020346813868
0.04485684272823414
0.029513053515595956
0.03675089077878332
0.03516631377881624
0.03264006360803657
0.0338267078985875
0.03420679929955652
0.04417931955671065
0.043243588411338685
0.02694976722361404
