0.03193835165382944
0.03781839155368806
0.03937473614143737
0.03203416801389014
0.03114547130237661
0.034372409795164746
0.032382421563512585
0.032373844758052744
0.0338681545520368
0.03738020027945348
0.04083856085132035
0.040491397368940335
0.03717169788298143
0.029221043770265104
0.03501207744610413
0.044383529043586535
0.03757968235534578
0.044261278473018556
0.03705840414294958
0.03049384115202068
0.0404737067415322
0.03699330069035111
0.031601385315752545
0.03610925200094566
0.03152495503645483
0.03267810160569521
0.042609545161911004
0.0355439502904548
0.0364759356791968
0.026903172902736073
0.05902907646018379
0.034264451811706065
0.03566127784650998
0.0389164681259921
0.031617730352503676
0.04093661558764806
0.03150635284463381
0.0402917301567338
0.0332063834272331
0.039633588825704814
0.03747074649348228
0.029777197394317768
0.03419605134894028
0.0436380396980126
0.033021974660035994
0.028107627478453422
0.03066211488873063
0.02842364252472452
0.036812315113965634
0.035709193868760446
0.038683958865657765
0.03857402680742864
0.04321017733279162
0.03345139023119236
0.03424909890882044
0.03966895264914677
0.04924760966195169
0.032380255324324085
0.04015140306858538
0.03179212005559495
0.0393101747673465
0.031057896634921076
0.034382361360490186
0.0326189759942127
0.03279929432703772
0.03877163731668892
0.035389161005585076
0.027992094105229327
0.03525397825280035
0.03180046519823382
0.03569351492473837
0.036125443633865294
0.02686857407031532
0.036979951509344244
0.03404404000962999
0.030431172050294043
0.03298337151829092
0.032618463608730164
0.041837892425622504
0.02711388805210977
0.03223007306761233
0.03221947759274228
0.041992941138910736
0.035977820322718485
0.0429018450223549
0.03246721484397296
0.03731383237929679
0.03658073290574014
0.031434917601999166
0.028305938616784758
0.04226402748835298
0.033970894693080185
0.03475081013497911
0.037301958017101025
0.0329617059877641
0.03937975235439849
0.04327840873708015
0.039936949071468775
0.035561904564690376
0.035632157771621244
0.03350905858742663
0.034624818354985765
0.029807232064417488
0.037224119870607655
0.031328926625894746
0.03392409712819096
0.03126824830233132
0.033023041120394434
0.03600350950937394
0.039143845949045006
0.04048699657430889
0.03886592183851099
0.029302847489334437
0.03043499495791145
0.034843811129290914
0.0364943200004163
0.03788508615398544
0.02974811408898321
0.042145497097327074
0.029547947446350878
0.034966190652386445
0.02853385876671988
0.03575222874608093
0.04035077696273034
0.028966353802517997
0.029196409545398674
0.0413253838060118
0.03224153023145531
0.03794340237411494
0.03297051519339139
0.04364935917323307
0.0302675145141369
0.03470071609859115
0.03363421865901812
0.03720815602755501
0.03166756638317095
0.0351018987002373
0.029115945140857812
0.04887859438107808
0.03507309124242269
0.03166010507463294
0.03546903814617525
0.03482747134804472
0.02891911373800554
0.03659581402251374
0.03845158656480007
0.03925626526568944
0.033947607315677794
0.03608845129584764
0.032494690171522074
0.033158506317505575
0.030471225815440924
0.038553645911371545
0.03441738005406517
0.0376638658333339
0.041308175201962276
0.04722949422489311
0.03504135940867948
0.03705970087286883
0.054159282071694
0.02960679430895613
0.03858834908868265
0.03061266564620275
0.036192821126801195
0.028592563361641756
0.03516631419040079
0.03348837165460785
0.03211946973118462
0.033634464314841385
0.028105440207720336
0.03944593648110214
0.03718323240577937
0.03351166356992076
0.04153373024342762
0.03165637641547871
0.041620693048984476
0.043738602665545086
0.04001065659150067
0.03582930767971408
0.04043641008847614
0.033092238726405744
0.03423231663254304
0.027389547237396793
0.03707697333074352
0.02838032518577003
0.036886322733082455
0.028851132318577284
0.03959059068712488
0.032265028109355484
0.03390599205513626
0.032251101074061234
0.031881697054283974
0.02881857852581995
0.027088988020650673
0.03602535946746722
0.03379586996815394
0.03610106269265318
0.03656105471136814
0.03943323986069149
0.034522216170989495
0.02979757840667213
0.023836011914930722
0.02813046854250421
0.037847274491666305
0.030964219805703092
0.03734292950002919
0.039350482827895876
0.031939425002983454
0.03218893557188775
0.031189721589617383
0.042774734937809256
0.027897532259635725
0.038797128757479066
0.031182155076729397
0.04057994747576181
0.03164563217241711
0.03662637071946948
0.0349117842907876
0.02995880387224686
0.0314839071120718
0.033944623292643444
0.03669682346836237
0.027264034967111415
0.03782545820266686
0.0426221540726899
0.04194596845300241
0.037972277265232855
0.03673846719062556
0.04494280800686123
0.03180808645173745
0.03404497369122106
0.03668926976841923
0.03913525680745814
0.027061306632969774
0.038338482076550634
0.0315113307620281
0.0326792454599723
0.030706169913534906
0.032466634505193694
0.033427117536719626
0.036823433192096244
0.036370310804757555
0.04183971444397259
0.03143378436450098
0.03628062858202503
0.026213275204497653
0.026801729492452044
0.04031056523048665
0.030708607167467643
0.032107935028250954
0.043876496332887746
0.041991564475035055
0.04177587406793283
0.03881632428196162
0.03404033718461223
0.044338918960956576
