0.033297123193341195
0.0369382805121207
0.03013139918747025
0.03294944675707612
0.03213277746967696
0.026895183420840546
0.029700182950398016
0.03463176138888978
0.038307076458652424
0.03332807609432392
0.04170292482110774
0.02933201469249587
0.02715287924394619
0.03532060672712562
0.029198124659713505
0.03758746934103177
0.038388283300910576
0.03600281004892555
0.027438317057401185
0.034202189063959804
0.03879260191461665
0.037465206238421596
0.032274639838384175
0.03511608489004732
0.030944858755862763
0.04772641612210427
0.03163949159557744
0.03182954942727389
0.03159471750362476
0.03365311403398098
0.028449476589052246
0.032141317742489565
0.038487160880318734
0.044713045331829765
0.040649627000545446
0.03135185790065725
0.05401749648483298
0.03594123242036684
0.03156690724430124
0.03635702718632698
0.03687727762634003
0.032861665688597295
0.03674400017976578
0.030649898408561225
0.03560866979403803
0.028661594881260178
0.03690369130498619
0.03853277450148999
0.040578050702613715
0.03432771100035022
0.0324714415200553
0.03104608205440639
0.03547816856012764
0.030127246969599803
0.030141639174920465
0.028021418477412532
0.03209860471362474
0.03363492736848764
0.03697485346124945
0.03973209410493587
0.026375450370398273
0.03353126170392061
0.032580507208752996
0.02999772065698538
0.03845141478828059
0.03521752836005622
0.035432971949700263
0.043663624902668986
0.02852078498646691
0.033634434727196696
0.02847823347899229
0.02788406003986248
0.03760051474454236
0.03705789772038514
0.04012612488725926
0.033028975449508564
0.03703333288166272
0.03599481819144521
0.03450635735872452
0.03612598291957466
0.03570959098159723
0.03618735516796346
0.036231665147478484
0.033983582105651076
0.03539610244614413
0.029334792622534824
0.026465039625217714
0.046068166004856144
0.03372246588014432
0.03017021634599726
0.04070612355200803
0.034734526181968026
0.032701540235809935
0.035100493433199
0.03719666341036003
0.03313640363656201
0.03862163361519896
0.03144977151939682
0.03205155530533422
0.04611124176206997
0.03789870873106874
0.033598853800514236
0.03513562244841364
0.036435050842508865
0.03802583757509516
0.03378561325450612
0.032760104810119046
0.030843147294734988
0.03193476762464646
0.039959488012580924
0.033283262488348196
0.03350210907165179
0.03053325236897716
0.03386721318395032
0.03684342496550439
0.040747109410378915
0.0318486753129483
0.03743147805984322
0.02965737278461407
0.03827074781388174
0.030064772200001633
0.027247437245601004
0.02968660444317294
0.041350628759641746
0.0289082587297732
0.038410416660201264
0.029944226390734678
0.03681314119027519
0.03194875527555255
0.035839911953001576
0.03362354898368557
0.0339209042491485
0.036532379449055075
0.037554329874460377
0.032104984457921704
0.03852781561427292
0.02849372216645158
0.038337139461336676
0.035486518305938644
0.026514814850938977
0.03752655356337107
0.05117539508887778
0.033665750027609534
0.03011393429140047
0.030992782700208946
0.037306872074653843
0.03402842648916046
0.03112834294859413
0.03130970655343089
0.03431776824032938
0.04280398425122556
0.0306528930104965
0.02704810275975672
0.041622025173384126
0.041702612696303494
0.040532724296466996
0.03492965137696322
0.03385816225665685
0.04280879344912181
0.035755723522921785
0.041162677368298824
0.031790987193156886
0.03252051749861118
0.032022842978335915
0.03061938801425066
0.030177642801479283
0.031264976170562696
0.032981837031526594
0.04242477060928652
0.046724998312980257
0.03615436280239677
0.03052367524740947
0.0416703943501328
0.028096778580484292
0.03487151076910595
0.03414964651071864
0.0329722299441787
0.031654070310882805
0.028517181666896093
0.030948507097985606
0.029781099976689675
0.03438258232258232
0.029051026493330055
0.029571275728390075
0.04164789367818767
0.03184018100284829
0.03802397077026547
0.0348449833313672
0.03165352897942951
0.03995322003063596
0.033780677987964365
0.03296451192149641
0.02835354028428659
0.03496830562985333
0.037237655720610975
0.04006442829468373
0.028624071907879713
0.02809342335114071
0.03215838564616025
0.0346961015630998
0.03460665996501679
0.037554047719203294
0.036099593524952206
0.0282881141612148
0.030653610712940812
0.03352715139998562
0.0372616410194058
0.033452248371752806
0.026587166178355125
0.042405969062665506
0.0355665383961535
0.03821617890662432
0.03320667553279525
0.029750797630045612
0.032972162959391135
0.0320245067358317
0.03879354903283522
0.02864725672529993
0.038067322115392994
0.03840259279797415
0.03345917012228717
0.03165100756721021
0.04263684480379349
0.03102651542186462
0.04107496205326078
0.03559463451978351
0.02984585700994796
0.0376854476385177
0.029419163552428997
0.042019630697325644
0.03981230828120928
0.04435940981309064
0.02974236153548842
0.03215478533877743
0.03148091867266159
0.03241902289543396
0.03674490412755121
0.031799555805582504
0.04119943835946495
0.03593020110474297
0.030734722491382108
0.03499423052408415
0.029121961265580452
0.03384575310919264
0.03575288651926092
0.038222613034062054
0.02784407528656564
0.028347041940170434
0.029874977568823735
0.030740159881992937
0.03575358123825957
0.04016685681679527
0.03196006504014583
0.04025851309421225
0.033128215471074
0.04089002128054287
