0.037030007182416495
0.0334800829930646
0.039306318577432206
0.04042421474200159
0.03382296119060233
0.03727440333510689
0.03143745932130714
0.033287080599027054
0.03520445084835529
0.039886784091527176
0.03983261376807042
0.038019632983773935
0.03715773934522306
0.03298354131191159
0.03276029539621433
0.03459115888334818
0.03593866357985327
0.036285373816669284
0.03874781592691677
0.031718709601415165
0.0424549711485725
0.035588566789150074
0.04156953769410544
0.04067910425080331
0.029349150338986878
0.03364788904232354
0.02949673656822354
0.028615766236086214
0.03761194507943942
0.0446690933301709
0.03511048603741611
0.032076813316217735
0.03156585894046901
0.03853201658745814
0.032549984663317315
0.035792342758320404
0.03254818469751743
0.03247434617311782
0.035110862524925596
0.03524039620911201
0.0397604213323286
0.03354597687471474
0.032222311615412114
0.031988451282585616
0.03528278611081453
0.038622893442882146
0.03817886224728648
0.03502362456619003
0.031237575079709867
0.037711620403484636
0.03746924199862553
0.03408290163242049
0.03287957034516511
0.03618194116392811
0.03203742956698168
0.041146619234395505
0.03077061980439406
0.030662381477166212
0.03908975819089328
0.027138454914021587
0.03683769531535923
0.032430899098763025
0.028953094336004365
0.03709797524831402
0.03470328426411185
0.039162248625183214
0.041890249832454436
0.033813493167736
0.030149680561010084
0.03513234300642228
0.031214456059249083
0.03338785003303276
0.03367928585750169
0.0342715604061209
0.03752213040418726
0.02999638665284568
0.03265827025565603
0.04352916848507446
0.040386085192900836
0.04759080602173979
0.030881316639863002
0.033751699139279966
0.03048177335004128
0.03957714830150172
0.036091917713645186
0.0501871454427228
0.05959073109637558
0.036416877089123105
0.033554046666766306
0.031772598748640996
0.031759366330982496
0.034859756232628034
0.04077906182059468
0.036974862772529586
0.029658015846701632
0.037864810127990194
0.032263354436620574
0.03501509873345807
0.03634692990228671
0.03421816785350002
0.03809470390570257
0.03120333344960465
0.04375166843747029
0.03441375520417826
0.036278183469300826
0.039110823337687894
0.03729785906390955
0.031577490709639125
0.02799806978930538
0.03243483646002109
0.03295691897326939
0.032690415549397694
0.02897085119775224
0.030839262442320964
0.031451897466480125
0.032687906689193504
0.029561105270345653
0.04364316042153384
0.03568247814747027
0.030362255810174044
0.031496993567475026
0.03300187289612542
0.03855514886209608
0.03083293617940294
0.0422027866085807
0.0324600907951943
0.053507256394959124
0.03785163340163964
0.03188431088417127
0.03554075966761072
0.0394686486623523
0.03693768689651044
0.03829682881687739
0.034317709494159146
0.03508274978225743
0.04601509278504077
0.036610795931523436
0.030335741736006422
0.03629180435878069
0.03179288728592953
0.03581707973666967
0.03798395042826171
0.03248685332873898
0.03393794780927803
0.04041445075854026
0.033512160327630276
0.03342850990287408
0.030205623234326042
0.0401641293420479
0.033478997400222546
0.040679662362859956
0.04081914145478341
0.039020257758758586
0.030565765591431406
0.037444856939706554
0.034454843337426176
0.037799742113371865
0.03843760327119865
0.03800593952847567
0.032914292429752134
0.030793201234453133
0.037501671036590106
0.028828554365585873
0.040307790881136785
0.034994588667742736
0.06477329936866406
0.03060649935143586
0.03175397753997893
0.03319503851940423
0.043487151869501965
0.030983794755484614
0.0300384748814315
0.03663329471160198
0.039436977295999306
0.03441826048869489
0.037092609741157544
0.028744270726430793
0.03628792573137621
0.03380294838086124
0.03485757468103599
0.038736645501879816
0.030578584119229108
0.03404602458152775
0.04038091025045264
0.03726623584322636
0.03380335104652924
0.038016164865060896
0.028290373035498678
0.035685170207765717
0.03726154802874517
0.044418227512523674
0.03993971280712062
0.031217049621319024
0.031827664969801
0.0378394835637362
0.029394621868549457
0.03360896546812256
0.038750403105709146
0.035234479116353655
0.02794678439206279
0.03189024320481618
0.03295495625600787
0.02723651926601991
0.033697538138799846
0.03125742805116401
0.0361386618762201
0.041136164731921186
0.035434701289984064
0.03298830981069733
0.02973581672954824
0.03255554440796978
0.030064048040430003
0.0330823750021692
0.030437534327995293
0.04504605313388888
0.03410713311115633
0.030490345357280502
0.027152793950734663
0.030718288124217726
0.03309516219651579
0.029251107694951844
0.043697166043149126
0.03369595406149453
0.03838180591366864
0.038854337514905114
0.03893223194644967
0.028636077575344764
0.03881559003631503
0.0348538999979637
0.03652133392355131
0.036794238280725845
0.03239862987493888
0.03240518884794001
0.033603320391780246
0.03060904172160681
0.03264315596523735
0.03018134453927968
0.05259250724480048
0.03309934401345417
0.04629719617170699
0.03751595225821421
0.03929620763747875
0.03626847742009329
0.029535087410792728
0.037852607416781196
0.03194724408729903
0.043095852773906713
0.03822268369011609
0.033487072339691684
0.03356286859989832
0.03158475762335199
0.03782566838904045
0.03548098120982837
0.03285568553295808
0.029904650770596185
0.028564232562833827
