0.035006693738851326
0.035174773252373906
0.035290820906693256
0.03662077693633601
0.03554756282740454
0.02836789512092353
0.034647835534744216
0.03172244157358407
0.03245079448531345
0.03302520983122048
0.04309558731447434
0.03283496968370047
0.031842556428710006
0.0340403376596306
0.030192813814375524
0.04099280874087569
0.0384223718792107
0.03806429280676352
0.03586441333631881
0.03401060346186686
0.03487590225441673
0.030986481351297165
0.037597968566856356
0.03351998327839011
0.037317146844071857
0.041364977923426735
0.034589847769470106
0.03688138568177071
0.032208050117126415
0.040596839996632404
0.03815588206046181
0.0313442630416122
0.03517974245850835
0.031372521115962865
0.04348884651892903
0.03319521270363611
0.03580098005811883
0.03311548956377768
0.02822724202629869
0.03868557541997626
0.037269963924822826
0.03484289882146204
0.03431166555088171
0.03048729061948682
0.03672724339811808
0.036457089043888766
0.03446185805649293
0.02775482197606962
0.03511699930868078
0.03357190788458423
0.031229528644004304
0.02967366309190619
0.03473875312421117
0.037808275725214266
0.04017894793556973
0.031260294000558
0.03329800846468161
0.029414521479978986
0.03480555841266453
0.03886773630155263
0.03781563536236809
0.03836063772750839
0.03631030907190323
0.038289116497736794
0.0404146586531087
0.033721462685367354
0.03809871644998566
0.03728930812365894
0.028810416429639978
0.028655575638700706
0.030344239008937204
0.028824959439615005
0.034667440885429716
0.037250690725212775
0.04276013013348684
0.03831289170786781
0.034610267330775255
0.035117712933191485
0.032559118439103384
0.028340757719412423
0.041623300454681156
0.034746148578804675
0.029616179382605665
0.03553432111196454
0.03640080703315176
0.03555620947267081
0.034855810080835985
0.029110684369720106
0.031906679184637396
0.034424695624061946
0.02850746076814959
0.027130291351986056
0.02715464709541294
0.03972136712871681
0.0391372911212003
0.035859310058255496
0.03245952308653434
0.03820603627725115
0.03463684693736255
0.032913039564496246
0.0374294817416915
0.03945433641200657
0.03812514975291551
0.032161973880848974
0.03212549676111605
0.03109679660489985
0.030403345253013535
0.03830492963297738
0.027935688507519454
0.02772247672619277
0.03585912663345906
0.03511369854728845
0.0361119655671757
0.03904036327326776
0.029421061032656542
0.0291118567134138
0.03892338046088866
0.03812926975803986
0.03455603428167198
0.03807852816443478
0.034467637104549385
0.029431657897285343
0.036075374404858786
0.03295454497208824
0.031069684459620314
0.03100575338407099
0.04017213646556229
0.02573476254077708
0.031027630468848277
0.02989968849540987
0.039433766094330934
0.03727250935449277
0.02858027919131499
0.03389416373597464
0.038252962113397224
0.044722005172247385
0.03032722708937731
0.030806671828914847
0.03278154068559688
0.02961725907620031
0.04231529315683553
0.03359855439241448
0.03161232866760239
0.029076379283414108
0.03239442505474889
0.034730871967021126
0.03791094255986611
0.044757176493000664
0.035701965911073455
0.02773328628914992
0.034991710086625334
0.03196361198056445
0.032550727687362675
0.03420960453095845
0.032775801656631125
0.031194637572879318
0.037785976497835445
0.03164608781400187
0.03287901840776848
0.03457388165573851
0.03223584961808858
0.044368095759672196
0.03477979594256493
0.030534409820394674
0.041488533699939545
0.027748396209675907
0.03230325115645527
0.03494835783607698
0.03247727598018262
0.030759338704962537
0.036709070082469715
0.03307955210504806
0.03775621985974708
0.033088429193559574
0.03867708043039264
0.03372515198694757
0.035064730181124354
0.04038010222916974
0.032527616614507274
0.034249098531261936
0.03034040884608305
0.036770955777317385
0.03393810101349467
0.029786870956507453
0.037370426240167585
0.026463067958518487
0.03724623391267136
0.03589326299844789
0.03429860619336944
0.03709127828101875
0.03529758147732776
0.041608232585872665
0.02899747225618259
0.03494926319166445
0.041566719937621656
0.030325358419759592
0.041731000373455916
0.03723968445421847
0.0424767051945575
0.03322187120171752
0.03157153098927429
0.03471953505558318
0.03235091668215278
0.037358067135308315
0.03212303159580838
0.029175474437146198
0.03290239518725572
0.029005074773597504
0.042047695036681765
0.03258677482383242
0.03642400068247002
0.039233046433351924
0.029946741184259867
0.03397534868989816
0.034202598610906854
0.03501984332272858
0.031785700569247434
0.04320989772382884
0.04071963182014995
0.038983381317457336
0.03435664720551229
0.034331881855990114
0.0328222299682678
0.030114890663391534
0.031090373835019936
0.03793081041603234
0.03107053339564334
0.03128884151670081
0.03511208680375582
0.033764486766964925
0.03841017055533595
0.04242706913864122
0.0255565836297362
0.03469059210444332
0.038628044715716243
0.0347878701401637
0.043879186100501004
0.03758561884079022
0.04132654856943276
0.03421922372812997
0.03479918906017681
0.030560021438672275
0.031027217839990913
0.03913863073067987
0.031695982364036826
0.03602447481538133
0.03687451482753052
0.0362773939843813
0.032972249212704786
0.03778786860212997
0.029292590923602653
0.03727392982541223
0.030733114942742126
0.035371895832222
0.036230058949146896
0.03518208354854886
