0.04453761491159963
0.03553912886269672
0.03253425803751334
0.03267840700040375
0.03316866036118227
0.030718843726407548
0.03473561376983482
0.031699532389955674
0.028701481418616948
0.03388069563613274
0.029230625225495716
0.04020378076424887
0.035497335365216244
0.03681574695394423
0.04255526406382126
0.030907339334348537
0.033650236007093236
0.0401229711112062
0.023990078256014635
0.0347196788237427
0.03764727892157722
0.03279213875426837
0.027677220257828383
0.03147414064927265
0.03674845036614843
0.036742559920811095
0.03476701754269055
0.042501139109802265
0.03219118790686895
0.0411167546350097
0.027668637990032722
0.03483231592686488
0.032958961708432176
0.034869047147220104
0.03675991503017186
0.030786456044031973
0.028786164638346583
0.03212582748303928
0.04108960270404642
0.0342381634924712
0.03390297193483864
0.046158755306999685
0.030040316553117695
0.03128805951109993
0.032807089837510316
0.030957979769098767
0.03131644626932709
0.04097206106487293
0.0386861332488282
0.036917245074014414
0.03134064647176142
0.028446038012226314
0.04114357207197717
0.02767286548811419
0.041906303498693676
0.03026123904684392
0.03594936438380319
0.036647010096861776
0.04556827261278213
0.038448897012551615
0.036069658464936774
0.03952568315778822
0.04025300212193339
0.03365295734630327
0.032785036893472806
0.02851170368044479
0.03436746126667251
0.02834280980721338
0.04536721454418766
0.03221998810176192
0.03257785168111614
0.03160122446052225
0.03482081540841735
0.03101483741618797
0.03339689451487854
0.03199720663435757
0.042274211882825555
0.032552226502760497
0.030240288263825854
0.028720055789392546
0.03292313465194222
0.03070875689102488
0.0392402694687285
0.030529661258186055
0.028007042383075335
0.033753091031457974
0.04046365052878703
0.03906922123789266
0.03218807622525133
0.030969154821107334
0.029753184889763536
0.035809403842038554
0.029388835785911234
0.030492696847813982
0.03590739173802094
0.04111028669376477
0.031230583210175283
0.038215737529185355
0.03167141033995673
0.03317656880356395
0.029959870621568185
0.03773679215908179
0.03486574619585402
0.03868491935310683
0.03881707667891492
0.03915871323862209
0.03611315777305959
0.032764370521433064
0.035348396043680855
0.041604274044238714
0.03115809572342455
0.027535705516448954
0.029210197027777662
0.04081447385266831
0.03250518907241899
0.030141449627201177
0.043787914909716584
0.035501299803976614
0.031672950277166635
0.02823804740052133
0.03322061499246912
0.039118977180577066
0.037728599708627575
0.036074039392645044
0.03317063749333778
0.030521111932490668
0.026690817230288027
0.03542882844810812
0.02796585773498751
0.03674928046851056
0.036358232254951
0.02946555638379325
0.03612683125361497
0.03178706247779597
0.034998991233543816
0.03284519803781681
0.03365205919468395
0.03019671959787514
0.037951081745062315
0.03300033343789111
0.04232400148275936
0.029433209585964185
0.03925578986587247
0.03347524272819556
0.03936907112124479
0.03834922755253882
0.03880675751921707
0.03395363280790044
0.03515954680972829
0.03953276854435372
0.040186712027340796
0.03472542445049281
0.029374302470295374
0.027753622349390113
0.04167987571787409
0.04482966279522668
0.03127703060623262
0.034586335669797734
0.030603759721069317
0.04308540148675318
0.02928651013669354
0.03804651208190661
0.03304114796325709
0.026375662527444655
0.04268536594449096
0.03599032318051111
0.0395011002487578
0.036788945164236767
0.03388373108414597
0.041471167084387826
0.034886087964771155
0.03181012848391047
0.027385086122082094
0.036148498314908115
0.03615155401349128
0.041851821412661555
0.03267205803044233
0.034317596712520465
0.03100786553641351
0.03774210501535111
0.03543210411360834
0.02772092213545704
0.025961928453473296
0.038138538271916024
0.030246542486432142
0.030128740748726256
0.02721097457768122
0.03155762251285789
0.039505354881850724
0.03528080996357967
0.03536003241554152
0.0393984656507157
0.03538533792203109
0.03799629605248276
0.03232347465939895
0.035634897569761584
0.03551975090118329
0.036236310453140005
0.03650837480566683
0.03498722955682466
0.040574714725165294
0.031240936459824478
0.038039492863548165
0.03173963762527754
0.04274644575469026
0.030043423399904567
0.03284983446886332
0.03892699759138653
0.028604961243064827
0.04996335614018929
0.04147683668199143
0.02882792417176816
0.033811494256433296
0.031121929838678866
0.030931033621213997
0.03808161503055046
0.03436044883862955
0.03128424366281714
0.03478870491272048
0.02722448201230922
0.04094294192773504
0.036516720079677954
0.030015425031940404
0.037376415964179406
0.03702624372886981
0.034626401551019974
0.02894463707762109
0.03025771425846202
0.03495626364771298
0.029982047863992833
0.02638629058909025
0.029958629619962117
0.04173793106046462
0.03078050734368041
0.03068262377925295
0.0346758993962784
0.03755909895389366
0.03675670153604289
0.029014913827075613
0.039636878381492595
0.03325085721316559
0.02791066291072026
0.033141770103609094
0.032155354935015264
0.0406265141693011
0.025958818447090675
0.04077444352828867
0.03873790353773982
0.030618002564253587
0.03950967685221359
0.03143061567183973
0.03533001895440884
0.04080774266917937
0.03282975785829541
0.034003633898638766
0.031687673324866085
