0.03640788602181443
0.03674334208511165
0.03593206569651633
0.034273733643662464
0.03736356739409298
0.029825421345572676
0.04066493295103743
0.034618715539832555
0.03336601874681308
0.04401673810382578
0.029730950354815697
0.03816857018291284
0.03236542835925813
0.03588559964617192
0.035590740539511764
0.031142856678486132
0.0335659720968962
0.035131647560583575
0.03049485649760141
0.04346554386682603
0.03042450326359306
0.0327552146236666
0.0335297745668283
0.03339898644923225
0.0356046680378699
0.03953404777346101
0.039573021979816984
0.03966747617660672
0.03700535813628504
0.04618672167267895
0.03203535308138412
0.030643111914445194
0.030281464852134465
0.03327078749729644
0.03363202687587154
0.043753452387341546
0.037678755865655104
0.03123677120259268
0.03480885500565204
0.02782375382700466
0.034326924937159796
0.03661264113010685
0.026903928753787394
0.03724901540190224
0.034703673817539644
0.03881038096758866
0.039175307067971274
0.038880314310800836
0.02902102828789047
0.038993181278036894
0.028976011970122586
0.0317705240609932
0.03268975915350827
0.0328012161609801
0.03767515993330988
0.0360052752065266
0.02982141828509995
0.03274976033919124
0.035865356626672396
0.03041787177706786
0.03736622379709157
0.030628505489646022
0.0334973251836564
0.037480044161193694
0.030048260934310865
0.035850843144527286
0.035386540907130566
0.040564883843278055
0.030961044588963038
0.02938936493207903
0.04137101751528879
0.0326097266573396
0.04089877749102826
0.030624129372165423
0.03151750754108389
0.035222718409958734
0.024669353105088547
0.03842014192690831
0.033292215902558965
0.031116595383051848
0.03733795601679362
0.03222421527863788
0.03595555643084459
0.03936391470267563
0.03897914412535409
0.03967605043694417
0.03352537256850792
0.04337498019342069
0.0445653896970525
0.04767159480303246
0.033600431853728185
0.037016401639515216
0.03787450124933773
0.03270673781958304
0.03255062278578892
0.03348386618748598
0.027259577547484683
0.040678469348826164
0.034088247905295424
0.034484024461017955
0.025779195211351646
0.03694833860498331
0.042496178919038
0.040463740557423605
0.03150211508692135
0.03479505540482418
0.039349966817729586
0.031010347576409605
0.03452325365451092
0.0407823498399017
0.03520190914534856
0.027873174201012263
0.04155390476475787
0.03892475954162898
0.039073033783315045
0.04317534359252585
0.03092496564280907
0.030700415248372998
0.029334651347911366
0.04160302979896332
0.040759597181361976
0.03735014723768444
0.035255998483180125
0.03393451037165622
0.039085973966819586
0.0300670735441132
0.030009394434427513
0.03804806346880836
0.03219468354238123
0.033259409797333314
0.034897846935282424
0.038893515864596474
0.0488831240450243
0.03699116640893157
0.03483277312199165
0.034351064065433264
0.03302611311864149
0.03917970812506096
0.029358096327533
0.03908785564459859
0.03283926400294787
0.030793472701680206
0.03822604205234593
0.036078641967999946
0.040377248253228006
0.035784732479497046
0.03812951160835925
0.03170098213568606
0.036428574762601536
0.03595168172983433
0.035938409468157115
0.03943495595472394
0.02745092867461707
0.025029312150085234
0.03722878339051041
0.028449729025201997
0.031445515285652925
0.038147157856247
0.03353052543892455
0.035695639316955366
0.033549432367593925
0.0361279597462924
0.03491877047539532
0.03735874933583586
0.033780063513053404
0.034471902261400914
0.038860959410613086
0.03610159049678194
0.03507387466796391
0.04298526675391775
0.03195339027005967
0.028782025924819425
0.046243368802304716
0.027346322072952258
0.03417750896136271
0.031203039342328254
0.029838843435833033
0.044146768021569645
0.030538545306267942
0.03818897945784356
0.032545641313436895
0.029476158874285886
0.029326533272712424
0.042662147266504045
0.03565832493262525
0.025302229054336343
0.03511337301276592
0.039374148571686994
0.035201183664888114
0.04096670161634128
0.0360335529260828
0.04226295422826318
0.02888635124403775
0.02932544969327852
0.040177778755999906
0.02929492406283467
0.036918367360073076
0.03960469617526189
0.03187858867596487
0.030384379386443755
0.036272826690730245
0.0381531455914832
0.038273279506098934
0.03109281514916885
0.032153779956340195
0.032139915323579044
0.03400131822100494
0.03344814632726028
0.035129237628123755
0.028961898507776983
0.03942010790378798
0.039042814489104086
0.027768235695859293
0.029845715090886037
0.03608715177826404
0.04664105918155435
0.032080873561843144
0.03903903709250763
0.04256727534374224
0.0337578132540414
0.029330386422404185
0.02848112476340022
0.037781837823319495
0.04191496038939494
0.03463960877152423
0.02957703603974365
0.03057168428234494
0.034502965240090916
0.029862590504343662
0.03142294662239334
0.03190200446905803
0.03620384974146157
0.037469490750767595
0.04356180291174691
0.02764444179875864
0.0378427077362913
0.04165868487759042
0.032783096868028966
0.03103111792366039
0.048504813671123526
0.04054829152920042
0.030358146021867403
0.03650898824450874
0.030227829268154496
0.029902042148813757
0.035792386441198046
0.028992917756385846
0.03386333096502765
0.031769373701462295
0.036389796249069684
0.03412641365828281
0.03005809954843998
0.04002718878696325
0.02806776830041449
0.0343760481231657
0.03207687501828168
