0.02893345648450788
0.02920390487767799
0.03375185788504263
0.043588099715104835
0.039777118869648
0.041147619279665024
0.04129375742316709
0.03717781154445782
0.03980931955760467
0.03510443536071834
0.044484443184522875
0.028905336561983342
0.029285216708827666
0.03979734472711322
0.031186092650139805
0.029450374647557412
0.03952605890317944
0.0288522857214341
0.025936104034346135
0.03355666571838605
0.03609068329850516
0.034643260234410764
0.039699197800841746
0.04634821417582681
0.03355669489909576
0.03833257947260725
0.04080925283471701
0.027111286637343145
0.03391790480113477
0.028073299716183064
0.03501818389690921
0.03223382113283784
0.03622599592667272
0.031000614579062533
0.03296368793432345
0.04214526043423568
0.0317826947065911
0.0376489479762146
0.033275995742197494
0.03784112833656525
0.03044381328808818
0.03691004259928086
0.032850635574799926
0.028163244246394225
0.03575390319775694
0.03627152558516917
0.041058337071978104
0.03358843984062412
0.034493320579691476
0.040660369607410686
0.04071821525735167
0.03720132133180843
0.03700241883379394
0.0385032062766499
0.034037436683066205
0.030139504441030484
0.04108131463165677
0.030190895003590134
0.03519471477121187
0.03835733658802254
0.03998206016978018
0.026438603948617526
0.03310838006598734
0.03155406530611025
0.02833543813038441
0.03252629442746444
0.03941799096558284
0.03932325017429372
0.028669294911576514
0.03179713273099382
0.04149880230215902
0.0356422452837943
0.03198042138109473
0.04082470300409705
0.03737283333710157
0.04104224838817914
0.02792880954359264
0.031183378811441103
0.03921967145288648
0.036287640873717074
0.0319908545534681
0.040107281791692664
0.03798998786304547
0.029466905140856713
0.033145470584858665
0.04626864820202272
0.03236712655702638
0.028828555456268713
0.03330314871921052
0.03216859228392524
0.03299353273978538
0.038640739509457685
0.037276235384617454
0.040839351902385246
0.03236945112420286
0.03715326629034728
0.02898340676911864
0.028844360194008177
0.032625786190267896
0.03717864998373341
0.03556264591785813
0.031108781378861406
0.03294239450531175
0.044394033242838235
0.0401281534978932
0.031768566102138955
0.030757626975071645
0.03677932260323736
0.030283356956546183
0.03675857056986413
0.03270797331819128
0.03326674108203141
0.03587522083680319
0.03700820808702839
0.045516142083323205
0.03325337462551106
0.02997818033132428
0.030631425232151344
0.02624235461223458
0.02981478711424188
0.030574664895382218
0.037805680455737074
0.035549414243974155
0.04050381107524269
0.03884155646158702
0.03467589782439034
0.03615191597131091
0.041953856209524375
0.03899479557073116
0.03388494831010647
0.03478870273986509
0.04255488728642511
0.03297840083713
0.03915769886159145
0.031895908119787104
0.03073530439551411
0.03719811269881024
0.03150588126598935
0.03501231830166737
0.030001149848597097
0.035254734814039713
0.04678462531288386
0.03250555180157968
0.0383155994722028
0.035437793274955345
0.041576621303011936
0.029509927674481608
0.04365140559485121
0.032710550062062915
0.029652645349799448
0.03079141049638112
0.026027374294315543
0.04827313857311165
0.03480956423047824
0.033878371788993285
0.046576148354636276
0.033541060196212634
0.027999790564418
0.045762059423050776
0.0314193200111053
0.027662860996541912
0.0363304196647702
0.03853979734413234
0.03539654280721742
0.0370647797306031
0.03619739786174857
0.033352627116994715
0.03736584785817811
0.028318935943187427
0.037517548313578834
0.029850202773068348
0.02984876513429278
0.02789377095464347
0.0389425297958856
0.029054995606422468
0.03228070943132055
0.035882012598027965
0.03796230775436787
0.03289558681179189
0.03518009284067037
0.029892305247081363
0.032456230426526796
0.038367242001234196
0.02855322485889278
0.044022931970761195
0.033535992172321664
0.03560304534327092
0.03188842324571885
0.03241254465054316
0.03135791929950596
0.03407302140105886
0.0428842406188205
0.03644347472025841
0.031805931657059125
0.031419055115830624
0.030264959469662102
0.04073352674307927
0.04607219940558577
0.03707406003520417
0.030027659870502224
0.03794448147588093
0.03630199178151556
0.04027200358820388
0.048029525772437145
0.04188956774100877
0.026893490152925068
0.038981035844099836
0.030099927116644505
0.03254397790918324
0.04152233746706971
0.03656677119947519
0.023430100070353378
0.03356339696533721
0.026473836425828588
0.03335632418217457
0.03491495467483258
0.04302155443987756
0.030811526144382442
0.034873465093486496
0.03679477095710132
0.040412679638626554
0.0338902269130661
0.04103224829383599
0.037874648025749885
0.029555940953894015
0.035386687748934394
0.03402091595915874
0.03514960227333509
0.03198839463433435
0.036002741041561065
0.035357320681831964
0.03240756868457629
0.033511926681352756
0.03156480810313011
0.030271842925823886
0.03539871903766127
0.03544602741609716
0.03630486079829275
0.049783002231892665
0.03448990320885666
0.03153450859742685
0.03734126329535648
0.03146456563424845
0.03530514401184296
0.040765158145734524
0.035665536083297825
0.032332553165349866
0.033657972864031986
0.0318845539783766
0.03831872954300839
0.03245568687683715
0.03828408818975298
0.04115221151532667
0.03330026913785083
0.03189021655278296
0.04421910165546013
