0.03624204555517777
0.039565934025680455
0.029215253457239614
0.02794240368603476
0.03253143101047559
0.03459335337406169
0.04364553562856938
0.04453329399123542
0.040886429431298076
0.033201726815058945
0.028866601139418108
0.031892232503320364
0.028898868304944224
0.0402126749379674
0.033383138588530537
0.042533377669130214
0.0365526263844645
0.04264750164951492
0.04100438861546712
0.043635274601035785
0.03142577686964581
0.03152984694981222
0.03380261210538321
0.03563915993627719
0.033165504293793176
0.03293807888732233
0.03289135279653633
0.04722942200327332
0.03453053614892585
0.0350642392713372
0.04077696599367811
0.04189143095959293
0.02913107414547952
0.03449908541652842
0.03245877165290784
0.033496391566788304
0.04104573556159576
0.0281441503603524
0.03321611407405762
0.029858775724326103
0.04468697034457921
0.04231913693893651
0.02957782815238761
0.03858895264887815
0.03190296443168253
0.0353654586994757
0.036410017800665224
0.031370569173548205
0.039287303343247496
0.04448479819326576
0.03370897368436852
0.039951419373655817
0.0319977684958867
0.029612384061369436
0.03760134374304087
0.034993543015181594
0.03064547535614453
0.027734602709057834
0.03709128638089668
0.04679021495700297
0.03461354009427572
0.027304548591289685
0.03420867940061913
0.02731905004816735
0.03139990937013135
0.030525156861423954
0.0350703641829722
0.03180110562841708
0.03863166419004749
0.03418945291035354
0.036383294375688276
0.03179863056987185
0.031230340924525965
0.03824593910840134
0.0401157027690019
0.04062571477387103
0.03863163024756328
0.03627733774724355
0.034438186415726504
0.03454307385351683
0.032674683809500865
0.029757755733084132
0.03706765237662404
0.02761940327055247
0.03584360824041417
0.031212220179966877
0.03530614165274403
0.036126219312869204
0.028291823683358048
0.040038751761115494
0.024465841364642478
0.03663553924896703
0.032226960324408936
0.02887168378606942
0.04205245788577335
0.03326615960031418
0.034736725601882824
0.038587969578365015
0.045273980456713867
0.02807446635542721
0.03235532241011453
0.035631243300593765
0.031235895163584375
0.031241692767150164
0.02779840507078004
0.03282424201528637
0.03639903489872607
0.03518054642127289
0.0378866888417065
0.03301647209496708
0.03243650145926606
0.036936417424153135
0.03459105547102933
0.03522960100691379
0.02791027573427211
0.029275596821924234
0.03146504795451158
0.030876335056171576
0.025998012969481964
0.036319870667647185
0.02965153403099273
0.038480484435699694
0.038569694771461285
0.030892947452587586
0.0387886617914999
0.04068534679463427
0.034424721641904674
0.04243833157326849
0.03291982525456297
0.03554957110723168
0.04194634254884314
0.03816253292113377
0.03620348792902851
0.03405337947837542
0.028198481124462774
0.03663258891920046
0.033647271102462226
0.03114130778921034
0.04142001331216714
0.037713484566997246
0.038592903028790045
0.03353321218988116
0.03367498657272093
0.025798321049838348
0.03920713681080577
0.04029253141032486
0.03772065415348587
0.028961273091180604
0.029964854275763935
0.03034413674488528
0.030360710104880746
0.03160644726452707
0.05069813779005888
0.03256619052289022
0.03163359495389202
0.03225519728853896
0.037653671069733906
0.031809295291025046
0.0341659369960113
0.028969469483261536
0.04167886108009567
0.031154796334993205
0.03182834671861523
0.02954779752444614
0.04317775809641294
0.030856768163762868
0.03420970551866066
0.03856661267793214
0.028022886138868032
0.029606032270923933
0.029838378699329638
0.025853374867964827
0.03174110889797289
0.03314185273859736
0.03942050177989401
0.038428546996265724
0.032899211088214586
0.03169389324301163
0.030332939684275775
0.03586070404018404
0.03498588429409599
0.0314259105129513
0.036832642343606434
0.0313482771782481
0.0287194007258899
0.034368092769961715
0.03733068924247835
0.034060960562701706
0.02921443307065624
0.029763388919561068
0.03167427513471271
0.033965283108075076
0.042509040548053025
0.0321022683167936
0.03536321557919388
0.03637766644583009
0.032088096478820716
0.0314232662344951
0.024688236063323044
0.028531026279980835
0.031945741647916005
0.03717202826816214
0.04464975953870957
0.04155006796503226
0.027034907226631346
0.028871161146561786
0.035223845705071144
0.034556284534612604
0.03719367518298741
0.03181899466514625
0.031040047290412695
0.03143519427424518
0.04536988508771891
0.03291410977055975
0.03175513097471826
0.03274580178802476
0.04154385429431457
0.02881173187514881
0.03015949149998598
0.03939972992277299
0.03405908207981442
0.033325303103697426
0.03152710190570255
0.035172852785897345
0.031820908647691284
0.03640941116760348
0.034907786885623036
0.03159235010609267
0.036158411546372976
0.03581472317809526
0.040006142731268984
0.031338733267663
0.03409141071180436
0.03366050447436879
0.03415165405356364
0.032613253341337446
0.03788400912735257
0.029845423122205755
0.03570344277278528
0.040746531877175134
0.029903885482605145
0.036514570803068816
0.026270789764800746
0.03527482806827459
0.032437154757259806
0.030784420102510018
0.029965316638669238
0.04313664778401549
0.034793775118349315
0.033886513046180365
0.029996478671083376
0.03538659954648509
0.04090865736684922
0.03227443152245624
0.043051520366177716
0.031585672577337964
