0.031181778765095293
0.04262049371212072
0.0278599994222206
0.034508915962047707
0.03171086901810177
0.031690237423159566
0.02933996937180795
0.037775668189396
0.03504753819775875
0.03617991845898214
0.03295636607771526
0.032986127104204635
0.02883100943776496
0.03356426918817701
0.04078183501833207
0.029187643872750798
0.027113150321696373
0.0300244375916236
0.031222400559272966
0.034111571652231755
0.030513468441905528
0.02971737156088582
0.04131689084711501
0.035596469732021234
0.03484248370719864
0.02754282983435256
0.02525596971921085
0.03218248189343715
0.0398405426537025
0.03377615316668299
0.035989950581005015
0.03407974262402291
0.03170267581996618
0.03835794849882475
0.031555265253391675
0.040268399754659914
0.029770159879472638
0.04638140990921458
0.04132078136479366
0.04692048866492777
0.03519812878400374
0.027974520373525956
0.0399288291881316
0.0301498483600033
0.03258863218120083
0.03082134575505694
0.03344709198984266
0.030642728392774692
0.03201001548526571
0.029203020325644168
0.031426519780257296
0.033379978449272214
0.04151025486817707
0.025276963838487786
0.0343938697194492
0.032850774764519926
0.036388173678381944
0.034214464064534024
0.02437561843816183
0.035522837884040474
0.036461569090527716
0.03644382529574283
0.029041562370982904
0.030358962334778677
0.03446609120593776
0.02987907254474427
0.031186088117849186
0.037912993709924736
0.03685223128432757
0.026719542775001413
0.0373725792586262
0.03273473920763907
0.03769661733036524
0.033674351483130985
0.04797016343727046
0.03695911801672811
0.03428988670243315
0.03004780328004604
0.03432960857339123
0.03573354437851203
0.03329395157035581
0.03402211891459278
0.03617266657327383
0.03948826315238149
0.03469740955436385
0.03757532903178505
0.03351159275520528
0.031695187187422584
0.034115688192067804
0.03201281601234525
0.03126599155637779
0.04163672899904329
0.044835591680976145
0.03605839837124208
0.027767710956930456
0.0430219316106854
0.028497853417000542
0.03145066245770006
0.03431909759757545
0.04522707385540374
0.036052195608418436
0.03250131552310514
0.03688426505092523
0.03332215315366385
0.0322101737472442
0.03710896742847698
0.02966457933528399
0.029560294168506977
0.027984164407787608
0.032341836701522284
0.03381473692973665
0.05113549408318662
0.03754333400451482
0.03155773878882789
0.029365225646559003
0.04107328175922675
0.03664735096304943
0.030871166774489325
0.031206652182357297
0.035648806600672406
0.03713604618107021
0.037098077053792596
0.038662403316058816
0.03656362422744245
0.03140694989569069
0.03476036026372446
0.03237320393124332
0.04284982893162192
0.03345602436349943
0.035956188642333596
0.03719935758111261
0.043547395704617395
0.030026911949385792
0.04339691708783217
0.033314102257826585
0.025462387702561592
0.03600824990421818
0.03515962390261847
0.04751630420080015
0.0339739370561674
0.042301800876077704
0.04138670818711046
0.04199722674671922
0.030424639257215468
0.032422865849997685
0.02668085805383884
0.033885455583271135
0.03432470077105051
0.039605096624584384
0.03804053910644169
0.02947301579440503
0.03881035080907363
0.02618841115881755
0.05416019074070186
0.030468060987389734
0.03300931950025234
0.03326157656616401
0.031233844810940888
0.03613959366196563
0.036628030794748516
0.030757464344807438
0.026809402102093472
0.04133746030307419
0.04189090721616899
0.03021044795252848
0.03166449192173552
0.03148183545016911
0.035053920744301206
0.03680434112751454
0.03346054397227066
0.03800900951903024
0.037771974927432124
0.02989936007432523
0.0323830804816179
0.03084880579301787
0.027853902663038114
0.029314815983633967
0.034998280932101784
0.02899745085199044
0.02904784271679303
0.03397271475614592
0.027335291319666676
0.0314989924772091
0.026640591042123137
0.041950770340376954
0.029806767323427612
0.03857353453463905
0.03914091030516428
0.02890930132921677
0.03305410940886073
0.04100267270253179
0.03700712331086389
0.03570648960782725
0.032303672703962956
0.03303892995590928
0.031860868950786735
0.04078213627358758
0.03633685016434165
0.03164697229355292
0.03482530696254931
0.02829025209619116
0.036748449191980406
0.03404062587721677
0.03841808065244701
0.0364491000729226
0.027782977047151627
0.03294143161664805
0.032327234543991515
0.03235263921745504
0.03260004393207152
0.034372055972882634
0.02988436717686277
0.044554734676005486
0.04107588444129215
0.038430278228266626
0.042743809689597706
0.03528029674716584
0.03404159449076294
0.04592408350315695
0.041953715450522656
0.03704123156600014
0.03409798125560728
0.03320660179691785
0.038562549699109536
0.03376711704224125
0.043310173817044814
0.03998750668951698
0.04153618350045959
0.03605173943216409
0.032262224673566924
0.0366383911377338
0.02722752799668879
0.03851518514565734
0.03226420495804403
0.03491102003063242
0.03527084485974909
0.0379799428258081
0.031651569075200184
0.03528252303293818
0.03953590102658179
0.038027191440943915
0.0333541987548446
0.03501099453849338
0.03367121325268319
0.04548623467700292
0.03542971331419422
0.03317249156421243
0.04085570139057097
0.048492973724813794
0.03252296668992838
0.031175872988557556
0.04697769634671879
0.03144254642108179
0.0386210868055467
0.032165273216990725
0.030690885398365557
