0.03919541180092265
0.02912031118053564
0.03746282520665736
0.03227576619662605
0.02846465169522098
0.03575240169908547
0.03037057440595229
0.04107204138565586
0.02588490013426077
0.034347448217604326
0.03059249788446324
0.038672977818542134
0.03115202191307459
0.036640810583541614
0.04140725580840457
0.036626262755067036
0.030068466371812128
0.042190909999025646
0.0322596721864618
0.04222429557902767
0.038528178088756845
0.03519003397354302
0.046019235297778203
0.03295542614135225
0.04726520101922909
0.03457783163292349
0.03911137430277461
0.04918397731898832
0.038518114133302805
0.034066479760016026
0.027250542881584534
0.032086428089894724
0.03635516006269077
0.044901910452048645
0.030343873277067276
0.030262335365792165
0.033036706374005624
0.029526810128819327
0.05470979699601617
0.040172755110120965
0.03338481456034577
0.058151027127502336
0.028180696757083897
0.03417863933618017
0.04340378629763759
0.03328248949199561
0.03766372753252539
0.031096200613215486
0.04685990077514258
0.03764396972139342
0.03160306740666066
0.033305659585006225
0.03449614915781523
0.03327169784215647
0.03639190979819658
0.03650731021816139
0.038371923480991665
0.030690631756226244
0.028971423563111564
0.03342701577108204
0.03787782340525414
0.029325385366679616
0.04167465134539555
0.03434012944003165
0.03492631937451558
0.04884803000297013
0.033647254660123124
0.04823420438109409
0.032054650476442674
0.026883094563643527
0.037837275566876626
0.02891057625540055
0.029994517530685237
0.04437073204476986
0.029148705499227472
0.03351920022163802
0.04086682498109475
0.04288598197318972
0.030692728843754312
0.03816332834841846
0.0425387406569493
0.052335483566784344
0.03480781597162545
0.03580461338469019
0.04388847846080032
0.03917950019008646
0.037714383666149105
0.0380890261000951
0.03345717088553702
0.02879577470030904
0.028401095815511077
0.04344911893625027
0.02860086513771124
0.040416252389889926
0.029766882731637776
0.03967899923978504
0.04297425689171816
0.03657221942893078
0.03410332882665417
0.04614754338064359
0.03735393177984773
0.03137198927392517
0.034707043136106105
0.04661301529414672
0.049141676921365944
0.02878369358889906
0.0542306517030075
0.0374924086343206
0.028502246682543624
0.03035186602960811
0.0480601629828076
0.03683825892942491
0.03523166343302042
0.03350736157476571
0.03277170752251328
0.036072947336999936
0.032679191805849675
0.03772113868745788
0.03431636348171648
0.035247822629659475
0.032416279965357134
0.030190835613258093
0.04771233907855734
0.03040386886653469
0.0405056273376261
0.03862153217134412
0.03676660802036161
0.035965781435286476
0.02664063133284926
0.03127471768346845
0.027100902149105367
0.04777586852535509
0.041724392254993144
0.03275944368401709
0.03763796642634703
0.03227851619280806
0.04653627829697919
0.04175522070996808
0.049471848886245
0.03703619106651747
0.0263026553687354
0.03363531695464182
0.037361163247149505
0.03094321436899282
0.03250374601191574
0.03626948608012873
0.03693747358665877
0.02799056261893127
0.036802266066323905
0.045105105676103104
0.030663987879868855
0.036635570858980414
0.04669005281420301
0.035488005552527895
0.04391248995492571
0.03244988074444091
0.039398440464387965
0.02923887320932904
0.03980889042777503
0.03937600207333592
0.03093744408343717
0.04037676068680256
0.03563082625521109
0.029477867518059548
0.037422644123721524
0.034286722743682455
0.03935504251460383
0.038266617688346924
0.034440424208633844
0.032495174194767794
0.041476629233815995
0.04829296177500512
0.03938886572197087
0.05748381091716061
0.04279091975621504
0.030256512840563826
0.035237317057901216
0.030056346652609523
0.0319969080836302
0.027996870299642804
0.034508617128767856
0.027853075852605158
0.032538500970358666
0.04074746470508065
0.03800411893894236
0.03339403636647154
0.03154643979412667
0.0312927224294276
0.03502966512696912
0.03922871672291014
0.031716627804034475
0.0366759249522657
0.039434638023835226
0.03835455768335636
0.04189827526799408
0.03391389474414455
0.03776400937888132
0.039115580011162734
0.04016722923071269
0.04199420232208794
0.04378002283810562
0.044638913896218976
0.030529661891852047
0.030990409358629834
0.03539752300209263
0.036257609624786934
0.04458246077688407
0.03523347567286232
0.04635624085422036
0.03849280597668808
0.037820546104086375
0.03094011864487558
0.040107737620108184
0.04424017556356212
0.03299620785220878
0.028204174880203218
0.04241698921263459
0.029332803096264074
0.03499882248846396
0.02722964582518044
0.0339809104970068
0.038057579121845146
0.03526534309349331
0.038897461559584116
0.03533650985656431
0.03782768550620581
0.0323589204233061
0.04491980824879251
0.02984994288781825
0.03151663360155805
0.04216423589248261
0.033344365715637245
0.037700149644721084
0.03333702200999624
0.050231377372786226
0.03226625892768962
0.03357897182269103
0.032631488882020186
0.048513709864612994
0.04944285112913117
0.037876155149353406
0.028820310959398753
0.03796537753153501
0.03833762026683074
0.036211148319344105
0.03372020208002549
0.03859138027511508
0.033722437356155134
0.030714711855917582
0.027421134731951048
0.032349333704915974
0.04770291117593966
0.03511404185857904
0.0308846747164098
0.042931110896056245
0.037209106368020536
