0.034434182197661325
0.04429691309044427
0.03798802253212415
0.028588622853345184
0.04011137830870753
0.03185789348580615
0.03487781135464822
0.02903959682561465
0.033991833772090106
0.02963245836079756
0.027909682179017625
0.03157811027505834
0.033353815859565074
0.03201641543147738
0.03814537758813976
0.033006374924727355
0.030719860959152284
0.03146732551099811
0.03600842387010938
0.035385624508027666
0.030345800032555725
0.03191239545888324
0.034941879504670995
0.026564346030216027
0.03854152336035872
0.039234178986710354
0.034374811246132266
0.02924900630905171
0.03145934295255023
0.045875278652909794
0.03493227645303157
0.03705972795110139
0.04123300240784045
0.03922528839537698
0.03793028839092802
0.03890618989166078
0.037737054996499694
0.032147631215481955
0.04304337996753412
0.0375299434284044
0.046030483171323494
0.04280861784085813
0.029602679174100647
0.040398175310832035
0.031662507111683516
0.03885301000156001
0.0322485230715135
0.02680093502397716
0.032419047478885125
0.03475933684568574
0.037902126151954825
0.04008354538184155
0.03186467682407417
0.03712944505681518
0.030102286852320498
0.04554222003909224
0.03522328549052555
0.02850702519762576
0.037916620058142926
0.03559407222325456
0.033296401829835606
0.030912801203498347
0.04501123997728577
0.03407988226431894
0.0347651884026452
0.029479858035059953
0.04530811084369724
0.036294137807630675
0.037031785981174785
0.026410409033134526
0.03372293558355381
0.03615600285009818
0.03372880753209394
0.036889857990465555
0.032792486503886026
0.032077552322160516
0.034624004682582525
0.036247772185228955
0.033608899069815616
0.030703786447409558
0.04138747099601286
0.030151366406863597
0.039200451674594
0.03183483476790097
0.036883124062324225
0.04179488478774903
0.04160181715121354
0.03336128855563075
0.034687471288618044
0.03039142342838152
0.039774616753075705
0.03387538053300776
0.03458867970051549
0.04277148537556998
0.0359237783745451
0.03523279993941715
0.03688383637970617
0.029640661228811965
0.03939228643552299
0.03295001578013445
0.03147938926979112
0.03157357979124259
0.03230736623699453
0.03157062109938659
0.027935680870290733
0.034202400574912424
0.03879906222176511
0.03161873693431482
0.041116485230476375
0.03385336243195656
0.027499710685492056
0.034529925015671974
0.031090811417097953
0.03013575252831354
0.03718160190716557
0.03097181733983343
0.03390494867652405
0.0455098894780357
0.029510312080985375
0.035463942315647284
0.03381040071637366
0.028690569653232394
0.039865437786844427
0.036170061205808464
0.03452426836821509
0.03285203356957253
0.030058993598414404
0.03679667745854889
0.030868934972179175
0.036890465627149725
0.029070702314629132
0.03508222817324295
0.03791406824868864
0.03206534317122581
0.02980524035838347
0.03282945301351359
0.03789252652292927
0.03343877572868157
0.03817579799701309
0.030536550757926793
0.03571737892380743
0.04008543386082185
0.0380584989846671
0.028749722861144533
0.03281210435546394
0.03902361650460714
0.038051439424522875
0.03285153418523664
0.03665272170559908
0.03931240367776926
0.0371174486952982
0.049992919437582724
0.04408018798493589
0.03592483458981126
0.034787592491089626
0.031052353757188587
0.02869990561751599
0.03960051378311416
0.038917255862975154
0.041760102700929766
0.03260012624463151
0.03203091899325534
0.033393095869781446
0.03991019514788899
0.03100822436840895
0.03747826558052855
0.032554134375589315
0.031040116002116234
0.03613920165937753
0.03463314436302265
0.02512512432400751
0.038346050131530834
0.04254165962992398
0.04787599036839778
0.027514797744276637
0.0292618727942586
0.03174643863189614
0.03494813381674938
0.04108278228761178
0.032812015342207276
0.030244624006108337
0.03353081066677702
0.028664860809343037
0.036589172681859884
0.037895498597112214
0.033895787833189854
0.03859444859760961
0.033446221424327516
0.032538470895928644
0.034212822292092174
0.041401811662485376
0.026972497772178198
0.034262974209852894
0.031051136249646206
0.031041989977217056
0.03451416119743465
0.03621830937699286
0.03137185678643621
0.04874349145214321
0.03832028610791084
0.02877629723364247
0.038205957906317096
0.02981315989240838
0.040787106187097195
0.03201536355450639
0.029332991088140945
0.04322878545373757
0.03305795183993685
0.04089065500930508
0.034102316017295374
0.04124792485044542
0.028330161829447847
0.032317827542084676
0.04040177500680088
0.04272819604747654
0.026885061503935846
0.029185320014932636
0.03958850042646757
0.04712274986631546
0.030012015972427537
0.02749446321505472
0.03774376050737331
0.04010904711080019
0.03482371812711697
0.035075944941768654
0.030877934715215972
0.03169942006897704
0.030094880208428036
0.044288149021945174
0.04132203327131857
0.04388249304895158
0.033405688447759846
0.037293516161434476
0.03933400628545404
0.035064441684094325
0.029423080942520833
0.032129339985555984
0.036193490021516
0.04101205353260602
0.033857979259682446
0.03540898923811201
0.04351048127445398
0.03390506832678618
0.03957610382669667
0.03014713901065149
0.029994539679140175
0.033286243973797675
0.0452206652628518
0.04014543949919931
0.029012406708275828
0.032668421312105185
0.03719378624791385
0.04117983250037565
0.033557423743838764
0.03296317544720752
0.032432234380959886
