0.03412260678393519
0.032978164028436986
0.02828085263814492
0.041708219759429434
0.03630943365616657
0.03154043624027644
0.03706498196423487
0.032950249434921
0.04838887968674638
0.029880908711074728
0.030870517657195784
0.031198867498857655
0.031035901048978905
0.03938136786985148
0.03858436061013038
0.027940309754784325
0.03393041684327211
0.03396100611759973
0.03704582474570383
0.03233642926970195
0.031502262471402434
0.0373702402297345
0.03590970969891948
0.03804558412149605
0.030506388784003254
0.03825104237551736
0.027941218498522297
0.044114348276140206
0.03090383301995138
0.03647826683583865
0.05176007544384139
0.02637486931643645
0.031882320375815364
0.037370331637939326
0.031066399113121448
0.03236006690345227
0.03544553471854327
0.0367600727828188
0.03409038007412912
0.04320611160948455
0.03276846559424098
0.03294292834858736
0.04521364736889866
0.03921864498650823
0.030972106021003053
0.03344797286487697
0.03357220255050373
0.03324127780824076
0.04048589106944074
0.04360840457693319
0.03680636117399171
0.03586646162459524
0.040007820730124266
0.04220622137375
0.043435439208115406
0.042265212745963836
0.028439894245277868
0.025472777874791186
0.04029014465950013
0.044716437137693056
0.03564730355956253
0.033855539438161525
0.03753632978619863
0.02616211782579498
0.031214267708671938
0.031508758305406094
0.035735062076459254
0.03649681509211219
0.035113350706559354
0.029965774507518625
0.03467435352350479
0.03610741064540725
0.031111290003287304
0.03667494341146513
0.032441339700410445
0.03654220522092399
0.034146725347774395
0.02898005107443523
0.03366178851736683
0.03960160742158417
0.026013135552680873
0.028194345643087048
0.041604516351702654
0.05050318252120069
0.030615742960363047
0.03620418109593737
0.033368877851264835
0.04044894146782868
0.032131729993625326
0.039224936152473903
0.029327276643383367
0.035141310456484456
0.038139760358753154
0.034184909396460246
0.03152057794522267
0.0475022165265393
0.02768410727890483
0.04911866118142382
0.03701229256497889
0.03033875839938916
0.03023515784359468
0.03497131309005224
0.037175918005390454
0.036366033490447466
0.03800201348920753
0.02983090308049704
0.037774592306690995
0.031305727672554115
0.03181359234493434
0.030762887926683257
0.041498991120497895
0.026941691293898264
0.035053524277143214
0.032350984363753076
0.04431705743929783
0.04369383606357408
0.031056796727686985
0.03416811810646111
0.030183384597587216
0.037905045210740326
0.02866154183309515
0.03590017074388986
0.03293421787608917
0.0349203766158467
0.027235569633433834
0.03361656925228713
0.03454049266484824
0.031183766160174393
0.030333246948625887
0.029710755355750917
0.04846916611023275
0.03435207393959263
0.0403316290608797
0.027564989697504736
0.03783874442825963
0.04675576968003035
0.03425707041596356
0.03546335741076052
0.0370775613329816
0.03578193857097737
0.03139948552571992
0.03972098096547815
0.03719939118647386
0.03745306115470401
0.041403577786380985
0.024575574556676957
0.036906992289711636
0.03281113956008284
0.039477027626487624
0.03063091959002017
0.03383570922434836
0.031871040411163544
0.0330736559347961
0.045746784778855465
0.030507224909472167
0.03465978823201418
0.029018389848905334
0.03642803510154554
0.03233296060806798
0.03331139720193704
0.029739498343756523
0.034421032139771865
0.031550869587705005
0.02658553887560687
0.030623503517921535
0.03456929115295347
0.0343543429633039
0.03393036853249449
0.03231644194217951
0.03597137051402152
0.034087538394956624
0.03874939106423197
0.03634072823747847
0.04278214663659947
0.027860214371745483
0.031850363358811695
0.04788333090657924
0.0353987195559589
0.03161652078294973
0.0375912628280245
0.04032656413563463
0.03680970977223434
0.037450830762892316
0.033423580421986475
0.04096111451349894
0.027930992926180648
0.03651256888203119
0.035423049460161116
0.040547430411852124
0.03199718210760524
0.03523630680630776
0.027058545164523676
0.032672011452459085
0.03350156165457668
0.029376450478485028
0.029451240410474155
0.029061144168547604
0.048628012608947946
0.0283117281686079
0.04012712941616432
0.035942908322358656
0.0332895222616882
0.03256184918955754
0.03133897840003477
0.04176478226398985
0.035855037857088407
0.029884241028288624
0.04011986762981349
0.029494455228354914
0.03215450070604126
0.03529189936221579
0.030989933166837617
0.03692327695220105
0.041829840002572026
0.028026610134564926
0.033899652223250136
0.039818459733153365
0.031806354010017884
0.03405348252610738
0.032596446841416306
0.04184988211937515
0.042912538834483344
0.029818808878381366
0.04880489750438628
0.03440679220576575
0.03290115964612307
0.035851994462155104
0.04140900498238751
0.031638219914233386
0.03419448632527319
0.03724923345584031
0.04094643054764687
0.032578159934070816
0.03336467640934364
0.028766498858309644
0.03195560259687171
0.040841158353385795
0.037081045046415316
0.03573743928776745
0.028537866624835508
0.03767834649831421
0.0396723494626423
0.039935431483682365
0.033121658824000755
0.03248615160969475
0.02777168883436985
0.026817021329294685
0.0341805612526232
0.03316259816054859
0.04583467405304745
0.029623394356208272
0.03054709351509848
0.03111041814447145
0.033023721281677444
0.02710240825926398
0.03064363364053984
