0.031454638092325175
0.03486421422894332
0.03804421077042022
0.04008671763227846
0.05873690219301091
0.031232918544957577
0.020022881403529216
0.019704728543267578
0.026411943223733837
0.034232523796693046
0.019576417149803425
0.019732884802026698
0.028050871886725635
0.03875709091141376
0.03007508592950773
0.02904293446861905
0.02256889061162497
0.03690770095776217
0.032728031001592724
0.027199070781981284
0.030573097039768512
0.024707456247104524
0.03169323564809189
0.026282097058317695
0.030003909033160914
0.01679324619281742
0.05326619977465726
0.02511554801925624
0.05856287179254828
0.028157711014554634
0.03675046995451301
0.04025532654692196
0.027595830398006303
0.03342212621090195
0.029579077112195155
0.036079283670818585
0.028423720197928905
0.042712189996386006
0.02072446009903341
0.03588550566302487
0.04183641724894754
0.030211063326701103
0.04430210599210736
0.065383376253091
0.03469057152378649
0.027659095131579152
0.02364214717665854
0.028712431614703004
0.03785002814105821
0.022967286486040128
0.03708730397265944
0.029624718478242756
0.019429253680456525
0.023714965688789835
0.04773575568211319
0.05801111044588469
0.02522366389250771
0.03114208842669021
0.014025718142941908
0.026124691196356374
0.03596788358504419
0.041624229993024744
0.03875143000902012
0.011204588166505181
0.02631678236560641
0.032760932998602894
0.04537662102621211
0.03233407019546566
0.0388494493064889
0.02362865483789351
0.020194639993068468
0.04528749027016493
0.021640683891079367
0.03970636708457058
0.02231183858545333
0.03314074981221645
0.07404577069421038
0.025325747462956304
0.02642566336140214
0.02569036379300099
0.04545192064593217
0.0381570982095639
0.02984343711454715
0.0423420145584605
0.03302149167954061
0.026348225536215752
0.01916405102613897
0.05370717128365421
0.02395211939373836
0.03065763410441283
0.02896090833692467
0.023418819453805466
0.0191343500456037
0.04439653026905976
0.03904272664746488
0.0574971593208012
0.04140716894230077
0.049275458542881075
0.03410126946553277
0.047704485260313796
0.03742774916476109
0.03993663111045322
0.05330037004514411
0.050704046812188416
0.029246374368793383
0.0245405440892731
0.039057639088171454
0.04365374637063819
0.031233976603606658
0.038815165497895446
0.039093506019434614
0.02542191337881857
0.02926765928700308
0.05356389999210158
0.048316677315026105
0.027348648672659813
0.033930043786734504
0.028213538686803555
0.042028540500056194
0.05940402753385671
0.016805324414793946
0.05058021051803863
0.03655164618022999
0.025724214345661224
0.030074436081514243
0.031654127269409325
0.021705106276536452
0.022616044669665842
0.020677996596359632
0.029744466901259186
0.032864616621580266
0.030885133832777308
0.029399303065646934
0.0303203853224323
0.02328892639779287
0.023813768403054277
0.04624554627898902
0.025849441701376957
0.019800448747427386
0.02773394469295511
0.05585729334626754
0.02802420897780268
0.04611483370982167
0.04085681415153587
0.029780296428466236
0.03513560407899247
0.027191009573787665
0.02117291716745053
0.047243044986299346
0.03302384786116173
0.03723998571846303
0.0404355259990108
0.0393579460789854
0.0381469130435598
0.026065348047879754
0.029544944401790188
0.04703439289985564
0.04399422285460789
0.04907060602531347
0.05825594650398473
0.030276307382142712
0.02308631720741119
0.030852131271258937
0.028578503786177774
0.038011290112749056
0.036604790879340425
0.2772453662786182
0.03199883449955917
0.040248547029443214
0.027884410846746456
0.03608383952375188
0.028202777233480143
0.04503967127584864
0.02531451016957009
0.023870019290831896
0.021551779557004873
0.030492039513590606
0.01687568416829182
0.02115966928437577
0.026487147038622632
0.031602118604794234
0.04025590401676364
0.031700049882883524
0.03758377822499026
0.026562215623241354
0.024311519198228923
0.029704368691693094
0.040198015361205215
0.041786111206885135
0.051039376316963175
0.02801564992965559
0.023951622860760805
0.03179999838639242
0.02205454545832667
0.05305965318013618
0.017418784523563616
0.02577578569070363
0.026715453728583746
0.03640210216355472
0.040862982224304734
0.02264486272881017
0.04932820235035594
0.026676396697438154
0.011967438849855995
0.03142956860786585
0.05297036518405168
0.05125733153380061
0.022314306982865875
0.052994027618601995
0.0258523030627195
0.028578533794201083
0.030026439355948398
0.03262423757862333
0.030992022203666744
0.06202503203870925
0.03014967716568653
0.044605131858830346
0.02979848165184737
0.03164797808786528
0.026940016503851753
0.04788450002129317
0.044394806793184145
0.04700218026593568
0.03960894226019689
0.03894165587223335
0.03315094020921091
0.022717120592170795
0.03791052568473887
0.019935540115910498
0.029660180812257308
0.054102665595951005
0.03269207320948287
0.06292482924551482
0.02033784943907098
0.04596684600792888
0.034718210160838
0.05144927213294672
0.03542403618200744
0.026207127672171232
0.038072297762334395
0.036949246310466116
0.053042080585237315
0.02079468353044471
0.02494169093323474
0.029383790725968147
0.03373440275101177
0.030907414544417047
0.04390949297115473
0.01865133471314063
0.04109617847822522
0.04472474348912517
0.02490836303346814
0.02663703203423684
0.026666501798914638
0.028437160894467677
0.02771443162603434
