0.03417180803164787
0.02292927597112669
0.030637586875273046
0.02675802451355606
0.027976046143915936
0.023898638194618217
0.04230212116239198
0.0244975754925971
0.028509007625393667
0.05111473844069109
0.02472694882784782
0.016156225740978483
0.23331095150038797
0.02891463958924338
0.023702358318531944
0.030137911895479964
0.020014984685833567
0.03067664085454288
0.020214646555356434
0.0222308507703663
0.02596627924515531
0.03351521389778256
0.05365845971527894
0.027166987983816268
0.02126150336047613
0.031173578335281123
0.04083930836657295
0.030371859450514627
0.027159116190615683
0.034930130832098616
0.0262946782638575
0.046184618115467105
0.03273346573294268
0.03083819186871649
0.04240173751412291
0.041460564050442364
0.018546421727854465
0.03959282831164238
0.03234288002143135
0.02723229776100093
0.03160135575338639
0.03818600287469684
0.035325919007758104
0.030197235880017378
0.039407834163205
0.02473640150671667
0.02799401601300657
0.03681317550499068
0.031049416724950617
0.023114161388364144
0.030334352936632454
0.02779004724290941
0.02694867971262358
0.03991680121993093
0.029760899807882525
0.028206225860201203
0.039554621250533446
0.026191052898099275
0.023780253969662414
0.03348026853749979
0.03599046743971776
0.029170289061125582
0.03878182899605553
0.030682180961958884
0.030979886463841533
0.03540568853372187
0.039435352160793136
0.0455722592660709
0.028048744701662298
0.0297071880502554
0.03748728485295083
0.024172311365639774
0.020241391831475417
0.0276372224126004
0.0338914642226537
0.044013257061091174
0.02859485912055998
0.027234304582352143
0.032529271161490736
0.015129500372476117
0.023861510358741504
0.02006235115833278
0.03873886909732292
0.038018992259827813
0.03615683338259873
0.026634254925714407
0.034974127414291
0.04266465786412748
0.024390339217668262
0.0341549929303243
0.02113662948522231
0.03281978971625935
0.03117310387367727
0.025043190762734757
0.03958870194383293
0.026317023857692124
0.05698492580997314
0.057907182384046386
0.04554897709163796
0.06702921136570208
0.03292946754567004
0.02325996565549049
0.04738817360113536
0.046369702608703225
0.021835761372064364
0.04209800580131379
0.048937525785785176
0.03486135860542559
0.02915104438991297
0.02352155636321298
0.02158211210337208
0.025763859491078272
0.023788254118808944
0.05374315748559483
0.05370147854356059
0.057177975166082744
0.01983480718257385
0.019104758963239894
0.03298440903366118
0.03437126921865214
0.034308542317900856
0.033166067469706004
0.029592979678809632
0.02602357898496832
0.018862714200992278
0.02544164403289788
0.032023418751226086
0.02657577104176784
0.019853916936472343
0.02803358234926468
0.03175664991293121
0.021631418774881873
0.026739085288353538
0.024586220857432447
0.0354514968989566
0.02362090813943829
0.02878522375020172
0.03039197188893227
0.036323385108502554
0.027340892624119303
0.042606229876147796
0.035722841262949424
0.05547699074053946
0.030340052168196414
0.028294622040504244
0.036508061427762896
0.05454925260269617
0.03309365937123281
0.028089415819516794
0.03718745984787488
0.01942091207392816
0.03817417934574754
0.024539291712560973
0.05714550409903169
0.029279427966020857
0.022041393280851737
0.04471875629133521
0.05246118748975794
0.06712737666803885
0.04998780429427359
0.02339303527587348
0.04405218015531984
0.03719312529156114
0.03321402464497637
0.038507899529605885
0.02149202831175276
0.010993887181661572
0.03681215288612659
0.02255508998863356
0.05437182081537801
0.029234588812293467
0.047350316045323956
0.0439229265682399
0.017558226607865365
0.02186759157380036
0.03191454965492027
0.03025441749553288
0.018031029840055706
0.040102945581348796
0.02917240168775008
0.041979666571351985
0.022201293430227077
0.03095988594695038
0.03861045264221579
0.03189073399772009
0.04260793451021169
0.03476773737110609
0.04031994511854829
0.031564698038445284
0.03688484239614415
0.03059299443398792
0.04216605987869645
0.024075869997288352
0.0318600697883885
0.02710207501917952
0.021820568445367644
0.03810685578787985
0.03233534417205169
0.04036897838526719
0.02077742544066543
0.021286641529959953
0.030056605971235315
0.030908522706424326
0.03035928053248587
0.02331814933094565
0.0236941273876204
0.03602487089588863
0.03148407429479529
0.025453740353089904
0.024998653649621068
0.02978662484173541
0.04439224212732453
0.03554366879911224
0.02267141633827843
0.02511479435083916
0.0367791365784027
0.02754240913524644
0.02841491881978926
0.028757068774867202
0.030135717502744977
0.02967163730993734
0.07469588130244406
0.03877764511447011
0.03305014666741751
0.026605359219584332
0.025030083952380697
0.023671183228903436
0.03917997685996584
0.03290916884879148
0.039551355687522854
0.031883692624307416
0.036471243116291074
0.022662459922284255
0.022608994216525825
0.021893439782215526
0.03130543935216471
0.025158828669039724
0.026312315358990396
0.025741063857908048
0.02923555391421539
0.025213854228765875
0.04537133067905319
0.03188026678051252
0.0188485960127892
0.029596574172827125
0.04053910503918625
0.03531777745510667
0.03510258078864087
0.017825582809992545
0.034098219553080567
0.026096371592339143
0.018026532905077837
0.02587386877101677
0.04985138553176788
0.05430198303639113
0.04856086036598354
