0.032308692244141936
0.031830116199056506
0.025490407044608653
0.03167568816101201
0.02742491164547313
0.014863015479708804
0.018522774284605442
0.02622329655466789
0.03062596522891875
0.025680769406124713
0.027839505666993777
0.03893827455443503
0.025101618589944218
0.039838315199611375
0.017815968628894497
0.06586489826868155
0.019034565920982405
0.040890966126711024
0.019199879714483177
0.019832321970925573
0.025731819165787206
0.03464969191405922
0.04141812606221308
0.03470044091383504
0.033246840946476286
0.01988701832060962
0.03650105213121808
0.03751833491267339
0.026359155436374893
0.052321502465836146
0.02343902649935399
0.04240680299452414
0.026754681068662488
0.03393731767118721
0.03300930930014123
0.030066382050729465
0.027745980164801433
0.03921121120424036
0.051944619720677015
0.03370356344297327
0.02561326495365254
0.04989956152541852
0.04492205523857305
0.02851812306323695
0.027758186853471485
0.03637516190064713
0.03744386677178993
0.06070809130550806
0.038541666879125316
0.03489297257107621
0.036037973418561436
0.03847792777833047
0.028582215330392194
0.015918267511160666
0.041414055321910025
0.019975254189466243
0.03421706826401891
0.03383577544772516
0.030627995372685752
0.025911431253423035
0.039465619598052074
0.026182150265772183
0.013979814180861366
0.04494762702149789
0.029020913903153922
0.07063168823904162
0.04379466500737488
0.045606612790528765
0.017072600269292384
0.025649180947707163
0.06969333169742596
0.034334556364835296
0.027005638109189243
0.02846520182621654
0.02523193451145218
0.02869823696115629
0.03177008298859847
0.03428441727909513
0.03001728643962479
0.0355808752171021
0.0322718782019943
0.025559648872303366
0.045481801781798066
0.02004273900797304
0.025168546152393473
0.036990266682226255
0.03769961947426691
0.02744186776225519
0.024669828152206676
0.03301670842837047
0.028864089522052883
0.03241370613361661
0.045809800660980546
0.03625428889283902
0.01681495331111989
0.04517237200791982
0.027917010636503068
0.04051643427215
0.028191432114528115
0.27053830696591397
0.027454993793249935
0.06151990243990231
0.049678047489792515
0.0572518842009177
0.021586831596835523
0.021798858485468982
0.03359168376806775
0.021813444062145027
0.028056734200810028
0.02794873705533869
0.046182154284274024
0.03395696852705564
0.02787353329851428
0.03716383103190372
0.045812772285824074
0.057980530919505384
0.023564163867029187
0.03196149512763844
0.024303044446898407
0.031827626985478925
0.022719480437973612
0.03568361916248733
0.024820617897665796
0.01975671363887946
0.021222383804818903
0.02765234682166854
0.03280298489560391
0.016581044821764333
0.034386504977301904
0.02717351692680216
0.031493917062090995
0.043090835871183536
0.04304561589532329
0.023061605158948298
0.0317069605988162
0.029032385367418857
0.037049479860383074
0.04368537496563309
0.03861237999306596
0.041113578625282365
0.04245991856693358
0.05358167174858071
0.03711203822286681
0.03171908688824877
0.03453029650085434
0.022804240047775017
0.07443424137273053
0.020705085908359813
0.02968270185040994
0.05446804764775138
0.03508060404334206
0.028211450333346037
0.03692153017643364
0.0433518257121182
0.03355408254281232
0.021508939841705894
0.04931375185649229
0.04607219328975542
0.04981516235379188
0.054344645468294005
0.02611700936022017
0.029957374743959552
0.038258797029345974
0.02653040994069739
0.05529134850952097
0.031365691542641794
0.027027721173116793
0.035918501631162794
0.03552367691254217
0.02822244608842229
0.02307470688233378
0.01680002329213788
0.042843891446959194
0.03216576850686298
0.036350243028855964
0.03478390869777305
0.034036028411352795
0.03526417576680636
0.05184556700792547
0.02682135120659905
0.02838349339361761
0.02640826558900022
0.029796129473588232
0.021437161303951912
0.02851893545630832
0.029748328277774315
0.020924634921299024
0.027490523058109593
0.0575923217811807
0.032198452817062094
0.028063404790914296
0.03605619458104688
0.03191855570961912
0.028013797626872
0.03257090953200405
0.0259872178156655
0.028909929948855616
0.02822281632033278
0.028805027021095584
0.03456401190049487
0.054655842734601855
0.035421650942375246
0.02215949398126626
0.02442459496354838
0.03537623172360059
0.01964337308721627
0.03383920489467366
0.03226498277841317
0.03668383439038991
0.021477239580792343
0.03326330002735495
0.02696428104913563
0.03190940266469239
0.03257071984181238
0.027177950285924977
0.03237031190699481
0.04931634238309216
0.03601485987407311
0.028896820021829295
0.03173158260947372
0.033662856210150284
0.03771398343587952
0.04346163999800067
0.06415629768957415
0.0333081738958574
0.043802117989357965
0.027490170147666623
0.04138502771148331
0.03289674367997933
0.037223849734559264
0.03153660251501076
0.031117527274731733
0.01782995079009148
0.02677760019409431
0.028924502506557224
0.032292437766982846
0.031143285291093375
0.02510617750264316
0.08416414983639818
0.02970490314096282
0.03703458324392232
0.026667909671158875
0.03445517859398021
0.03306194289375254
0.020151169592677407
0.032730560998675516
0.02540310777457352
0.024064608072127385
0.03037152595827251
0.021175687259078098
0.019848868896016867
0.038485602974217034
0.025678469290016916
0.038585493737417015
0.023419707691849263
0.03605633404088021
