0.023759729290778957
0.035663866787055166
0.03811196741212876
0.030620748074892516
0.04833502736820172
0.023162489229494987
0.031235587346189152
0.03139821718958527
0.03362492356572614
0.016174588884746932
0.03050256501494145
0.02948215295805241
0.03051424613032435
0.03706359126308097
0.02003855053619774
0.03158909703784368
0.030637174798691227
0.03714561653525461
0.02622948083333063
0.03483542340157892
0.0400782920816598
0.03235798292315377
0.04474774729959344
0.02486267691758772
0.031084268600917647
0.024052967745681175
0.018599193013149957
0.02716755849503819
0.025897531995396565
0.041942902188013644
0.025693182066569637
0.031957033980336856
0.029575158785204895
0.032927015217534224
0.03126026903337337
0.051800862709144274
0.02943866065542634
0.03426720807836755
0.04416378115813215
0.045132060954444726
0.04537727993367617
0.021515826231459458
0.03179217416349274
0.0393479617896723
0.03339456275156044
0.016788197839885992
0.025052985673573957
0.03188776340904446
0.01723689492839155
0.02054394975271935
0.03590796717379426
0.023356501085737974
0.03701837094370509
0.03605256979326448
0.020010066170765683
0.0397369404525381
0.0355463682256108
0.05853864783488439
0.03182466638469187
0.037170096237475636
0.036833863709825616
0.02672254290620462
0.033599582409185154
0.05100757523073487
0.03304787325906995
0.02699678392666235
0.046973844006818484
0.03550508456036772
0.04983498959577615
0.03131695030109505
0.03472306533685194
0.02081417316810734
0.01723408748370132
0.028619093763821685
0.026057008943002495
0.03494437511449789
0.03131092599312274
0.029454809887936594
0.06348717104698141
0.031051950060061794
0.023134786570775844
0.045322954200205684
0.023422940235258476
0.02553503628803599
0.030936581752280427
0.0369904756723268
0.0452642977550807
0.03427033824446556
0.06833524083796008
0.03473235433051499
0.02835266111706436
0.022756948695321987
0.016983653391098606
0.02295027664986239
0.025460029738707327
0.02913953131124599
0.02690193616862478
0.03779924117174759
0.029800289028419507
0.07805409395736224
0.030160603899634358
0.040321758458888225
0.044120771966585676
0.039577701844384305
0.02785150508115189
0.018658623297448735
0.0523162985157698
0.031454836743694085
0.020440255155411802
0.03634288166475374
0.02390279597812028
0.03229599050622786
0.037290925898654605
0.0509169712614414
0.0739904664381934
0.029072873070008217
0.03069658956331164
0.026390191944945525
0.01721186499053465
0.017759503766005984
0.07193105115930389
0.029951305291829117
0.028341120641126868
0.024807701829341212
0.026848138560693586
0.030493825024892448
0.04383290236860336
0.053056500133678484
0.025030394644285487
0.02412222975910008
0.02844736908445585
0.04680961103230626
0.024084244696750353
0.025708818964151524
0.028748275959143293
0.02873889687919764
0.04677691774710675
0.2698945998351818
0.019233501473997865
0.03157361577454348
0.042000676081148734
0.03342263926513623
0.028955382847744345
0.02430483132701188
0.029123333311812515
0.019844844045005562
0.037529507151872935
0.038729359137071324
0.04859628462376945
0.023645261323858798
0.042416442014269896
0.04969605079380419
0.038306835058628544
0.038785331127686284
0.05307751423207643
0.05760855471748099
0.03573861221069694
0.03758360757536171
0.061657579816979516
0.06169751007005297
0.025119026522645336
0.05427754647884681
0.025451222947401136
0.04488015073086173
0.016746338915474977
0.025871326580828812
0.039107104259074627
0.0483988839952517
0.02390618625741493
0.04388733735611748
0.039296947915628065
0.02678620248279173
0.03900112497258271
0.026325597549395473
0.026509982950018645
0.032818549401389785
0.028140963887370182
0.028689082481230276
0.022696833768610765
0.02409788258357885
0.025631618142034924
0.02558530945940593
0.030180564902037278
0.021679980232665135
0.046147346553887046
0.032660917142832965
0.02372029795634649
0.02719746967939795
0.053621346101931526
0.053323334230773324
0.03986493920941274
0.024209458942984353
0.02386644557522949
0.034927214084881066
0.021104641819392513
0.06887006668458986
0.020114323985381776
0.03228813786966464
0.020382452218678192
0.04907203207680437
0.01860127533461796
0.035816157145776815
0.02558730331932304
0.04739455321507767
0.030489386369362756
0.024645111436690393
0.02825817864965608
0.025043302922754355
0.022926555922322598
0.02995052363327368
0.04501912373246737
0.02629042911121153
0.030037241853332907
0.024282048166082232
0.028244306453518147
0.02211248404325656
0.03926416827647136
0.03094596378187293
0.02931276016697213
0.039153737006985045
0.033438599088512065
0.04286869948297856
0.03433258249485987
0.022593658653251802
0.04750300223819865
0.036901454350925865
0.02735145807993153
0.04404780456655697
0.03006335493236892
0.029125512692439213
0.037604868300518214
0.02868019943058842
0.032714895771141374
0.02438352924496075
0.032818725936041696
0.027683907372222635
0.03907174025806405
0.02411354015155533
0.03232606128663628
0.02691837111797371
0.02692819114893248
0.03603894502624403
0.034937614101368517
0.028099061338901495
0.017703610218692798
0.04676070409665525
0.016891153564500678
0.03710582340129058
0.03158519335227046
0.03696886509659981
0.02356768038919536
0.028017168368457482
0.03464516490599646
0.023370568336805106
0.053622513694924635
0.044091827752437786
