0.029569530407009922
0.028831112131823124
0.022556954283829644
0.03117717366970195
0.025448267768659646
0.024829359898280296
0.029499272958357813
0.014388168055987194
0.03106306201127337
0.020874078933142783
0.019283036749466714
0.021972840802980686
0.03491628644399485
0.036910924540794796
0.07891745819376139
0.04382231253646587
0.03646349407460861
0.02781400350902726
0.021086074437429183
0.03519021715351778
0.02748259815654043
0.025773600175936388
0.03935119216390948
0.03300554929411168
0.05259107941297617
0.04065586512534682
0.033548947951685996
0.03180491178422918
0.054125991575975356
0.03046440106538317
0.037793872771988354
0.03935759616385576
0.03742771007898149
0.04399852975652542
0.037740531698964
0.037207502309813484
0.030568259388803837
0.03842454506960039
0.04373812520955957
0.040259174992204466
0.028670366442148282
0.021384783671412298
0.031107703294060353
0.02740876444395527
0.046946170969390924
0.02464596615927982
0.03343677799789698
0.026282079388361388
0.02350721901929424
0.05452974698610951
0.03809771288536147
0.05242477770823426
0.043224794424870726
0.030583448712504485
0.03423312086517611
0.01714024055032511
0.05380054806575451
0.03152375471647281
0.03490255788506869
0.04358291176575498
0.032410680810855706
0.02033892216759725
0.03269826778020688
0.03875394989540997
0.035675175442244245
0.036417032222439416
0.03941100547238565
0.06602098162723948
0.04280969231320681
0.029047127527211596
0.0514267178167387
0.03633081893556866
0.031163359546927328
0.03813227527191618
0.025274569491289783
0.0283440682506708
0.02524390311892113
0.021790900841929334
0.0270803229291683
0.0382076457060742
0.022733647854082755
0.02445036534559103
0.04110861473351485
0.031118937958728526
0.022763622603273536
0.031118103352725635
0.029809514240411856
0.026790610448926992
0.03755334335386452
0.02221500851181878
0.03362076632919845
0.028975418857338998
0.030240894869523666
0.024198684326698777
0.0227226573448626
0.02864075398788519
0.031933581883728905
0.0276330626798225
0.023766651463456027
0.05095477684076054
0.05958320505546853
0.02360731262657949
0.05810922471959408
0.03845408818378141
0.040650981495925914
0.040261586083137776
0.0203209807342575
0.02912391151707756
0.058602446789392124
0.02697018863957257
0.027984693807576233
0.029510841754119627
0.03389180499173189
0.0599248012433104
0.06454538512227492
0.06054109784376378
0.023896648562570375
0.040267148237146284
0.03428419029327827
0.03490730018461961
0.03628343529407678
0.03630405701423392
0.03915157902221454
0.03151116478009735
0.04026362306101048
0.027756575737490092
0.026341611759367112
0.022151282820589254
0.029104033576253397
0.025010104606533124
0.021659866456366823
0.055018166932428246
0.03116111399724028
0.03195901677780872
0.02135130199105681
0.03281841480078044
0.03343726408487539
0.03390488281482183
0.03425709401344608
0.04204252206157672
0.04590880622921214
0.042525879371110374
0.029342858487289666
0.041367964942673766
0.04809829478462966
0.04250061279530832
0.036211583083137364
0.02569943019664041
0.028334647848392333
0.026441996313267196
0.02762890598839001
0.042317964216062945
0.03905436673959852
0.05603369952989729
0.03194287133248978
0.035619585140877444
0.049823159591883805
0.04977579185875561
0.0778173858631367
0.027628420143045195
0.032138160371269736
0.028322006940934064
0.03596188778598917
0.041490931237983766
0.03382526675658591
0.044194332686137185
0.027690966997271346
0.01667317608301951
0.01892467533641842
0.04470862950139966
0.022890172263469972
0.024703773800110993
0.0345602961147402
0.01831841099415763
0.03911756183829924
0.02618630391294
0.0276878916330941
0.026065148999573302
0.027522687956405684
0.038648555917444566
0.03312276164641883
0.02493731947338507
0.022728560443641747
0.03395762995902197
0.027350750767260977
0.025497914329368078
0.042168398311709605
0.04133824951348222
0.06177531568890134
0.036377735931412435
0.0257590898922827
0.06829904571392947
0.029823380956485065
0.019298707124586353
0.024572623355190074
0.030022938770587256
0.029883607845475363
0.029896955635459608
0.02950208862188905
0.032763980805826584
0.022491198743404665
0.25415036725773754
0.02037443004092735
0.028310883120911436
0.03745703206397372
0.02318788018681727
0.03201535870841209
0.028799068762500227
0.018546127151665658
0.03189119148590304
0.019607304167726623
0.033808263465313515
0.054940671732561716
0.027437413856047435
0.043125218399016105
0.03001626409359937
0.02081138686246877
0.016220336224054208
0.026909860424998187
0.04475349786135499
0.036739339308938336
0.03284404790277076
0.04703209671913963
0.04655745866016633
0.04776261557157991
0.04452494671134142
0.04938886278224781
0.03475235781831337
0.033035284831255916
0.034390613791205484
0.02881074064183983
0.02542492696918956
0.03023972672293059
0.04927884714754115
0.023818255792363806
0.0194835850658276
0.036664564632341405
0.04036247576612706
0.04495429928456015
0.032422398422556786
0.030449805736465406
0.03507417882780721
0.03140145352514297
0.03256699326034833
0.029151811027234062
0.04548835271632322
0.031139012607540376
0.02565518417418015
0.028439165775875266
0.030256217260900845
0.03187487789985316
0.024040797175709318
0.0478016213142583
0.02529943937991118
0.01723468918557714
0.0351428538484017
