0.019337067462671147
0.04548834714455041
0.02580120772598907
0.02458312548566668
0.013978800104852362
0.028518418295166107
0.0435184745419582
0.021619205190582663
0.03612882012075217
0.04470531062316279
0.02542205206324597
0.01882354902986823
0.23466964893846004
0.022906230144418286
0.03073262869094073
0.0216089193125916
0.018533109941562237
0.04371954451937743
0.022815648761793816
0.02599713668137824
0.015522119878488809
0.029993912028973526
0.03045782825728142
0.037338578497080964
0.046747553211441396
0.023271035798813337
0.02441208534789365
0.016356733337180466
0.021078659799898803
0.04240831865899854
0.04657661898718665
0.04447227341247687
0.019508829719835773
0.04463698486915736
0.03761561302556859
0.05710198099737721
0.03132774354479794
0.024890807105837902
0.028645002794395556
0.02158808526525473
0.027228304465406836
0.034452782968198925
0.03287963467451225
0.027700748349368108
0.018712519021459394
0.03766625533193708
0.014988229175519048
0.02856269075134465
0.03327279869877225
0.027848198364328912
0.024933133380540956
0.02269578676314966
0.023616942950744495
0.03321501214900991
0.02034295924264294
0.025330989228839
0.03526297625998766
0.02654030476105705
0.03548597530579519
0.02950851364627155
0.044848429150704035
0.03137171294571762
0.036374800391216
0.014173977857336869
0.022964970684206314
0.03344023497191935
0.052656458007853416
0.04223202173677847
0.026541531513506644
0.04091030922770308
0.034618236643560694
0.016207406797051006
0.017853793810947816
0.022862397830582883
0.03390197890043349
0.029370492969642344
0.030427423514359446
0.020177214479169082
0.022407162278483047
0.026381439410522636
0.037835979999075106
0.024157686892007042
0.032057102990267455
0.023998907614783523
0.03425039834434195
0.03437319777824851
0.03916462062077441
0.04590915715471364
0.03448816343921707
0.022417346301774294
0.027772902655940283
0.03096446124307693
0.04271614681852924
0.02728952284038391
0.0305794539537691
0.03020943069098118
0.057075939250414424
0.024460963821408856
0.03817180686242843
0.02923981804367687
0.04284569839633552
0.03601288571392662
0.06319553215916364
0.06519580881338458
0.030265103669052575
0.02739582400140334
0.018056575077948233
0.0638581133268709
0.03353565527121838
0.025495375191099026
0.032650775526318475
0.03672313527790743
0.0342948699097158
0.02232178784697896
0.030749277505469783
0.04909336512268353
0.02494337547884318
0.020540996063411476
0.03895365890576806
0.03573540264198844
0.02766069001602956
0.03352657200737307
0.06296532772072191
0.03377668317728332
0.02540625239331109
0.029081531610394465
0.040176728343019594
0.02752839902643138
0.022054173621510804
0.02950834763596743
0.026403305252765324
0.027579926703107535
0.05006729690876893
0.03851649154517509
0.03056054877088287
0.0265063564335549
0.021209206770659378
0.04254624648215625
0.03270688721191849
0.022118627252009422
0.04095578870458188
0.04639130967805537
0.0380159422989223
0.06014774644604919
0.026526611259386722
0.049279377404906725
0.026778225328193024
0.02323771426530325
0.025805816158906054
0.0415277038762228
0.038610274953937276
0.028463707648541663
0.04194522073657543
0.02760017146326089
0.038697712451518505
0.02443246436026048
0.024458235800784316
0.06087672361827832
0.062147839000798524
0.022427959479100503
0.02558779994851061
0.03877870252993205
0.0320766022913424
0.039416473801751215
0.015036483305386575
0.020509696139571567
0.02842349713766039
0.03048899006484497
0.021065280763952202
0.018873973339878152
0.027242192215410056
0.042240593212075815
0.030381988279152516
0.038540049249741505
0.03294056841646493
0.041517774581588375
0.04847189311384381
0.016776240490611223
0.03170545801211507
0.02390754432306668
0.026075469185868057
0.026662637310313632
0.029309959351784345
0.044725081262304796
0.03660892730742579
0.027540029212827957
0.04452512241550304
0.03186844351346604
0.027113139989097243
0.03429435292944984
0.027877211218306518
0.02531333476106965
0.03538953950023923
0.038050298329835454
0.018829770672167432
0.024331329648188866
0.026506553723534044
0.020301822622655227
0.030642338528378586
0.028656566824181145
0.020431229135762355
0.038314923970000754
0.021385388945145415
0.04454138845037157
0.041417642938798946
0.03451421027939355
0.026763333419208845
0.02496151699531121
0.026923602642059986
0.02192270438958526
0.025315291888629392
0.026999431824620963
0.029819191257716156
0.025023050857823404
0.01960785516053836
0.03205640957495989
0.02764628029339038
0.0370049125716822
0.027235525611540058
0.02282117029462828
0.021941029086531748
0.05169297192134573
0.05280883736924211
0.03209574228015326
0.03863676164317916
0.04201559220602984
0.0366792503829322
0.0403260875187763
0.05689221642472697
0.017676598045664668
0.039163044023864224
0.05426171717477884
0.03421306528465738
0.026029054142033346
0.028293648363959555
0.040970358593237714
0.05017579992542338
0.026356679329210778
0.02323303234622878
0.0431406133864344
0.03483944514992459
0.030529651186785852
0.022494001532977582
0.0301056170547701
0.020166360107946625
0.033900630822196
0.020674394599736697
0.028922155688869546
0.032863643476035084
0.04540698912005804
0.032017114821371644
0.022017910508047172
0.01960997712421489
0.03483129715985785
0.02584945388335429
0.02887363217168467
