0.02772990398190454
0.02085557218583788
0.024181837897597324
0.041158122453495406
0.018614114407420827
0.03176913297982735
0.035237590863075166
0.017282019425034694
0.03847642343673867
0.027446290782869642
0.025945701136255942
0.035273892046771796
0.020733945791539716
0.056404387032053874
0.03937240274492441
0.03224179746334496
0.029313652016882925
0.04392001888800346
0.05241195646559529
0.026991084931227136
0.05449038082465279
0.01837803707035756
0.05216649755731929
0.01937570030650668
0.03012409543091103
0.03885841536559425
0.04740511230892471
0.026223073305429192
0.034147922325202876
0.034504144088427585
0.0302366623014102
0.030650624817714373
0.034154293986893104
0.030016869538151827
0.0363854042492415
0.03147206821776832
0.027516905072105333
0.044070798251290406
0.0633333686890427
0.043055679172093055
0.02334731572211269
0.02204622797517077
0.014305547220508145
0.032263205991879006
0.030794146101411277
0.018547203885954596
0.026891858667362472
0.03794899329306129
0.01856261181527655
0.02427690508346335
0.029021660668050845
0.028566578260523327
0.026078769908528032
0.02269683211800618
0.04057626702215945
0.047266900861063256
0.020004437520511367
0.025505379388799685
0.029504823869917474
0.034551919823735136
0.02575389770002804
0.034567192744894414
0.024994060036606806
0.03433845108812428
0.0386825783698045
0.025097811265365488
0.033488255665829865
0.02989225691525322
0.02765044163479852
0.034141011646583515
0.02776280691437982
0.03818067661413186
0.033055176613292575
0.032591235247587835
0.04126536135888147
0.030372409340421673
0.01697650008616715
0.022089205263559755
0.02474519822230067
0.025188462031953893
0.025191382358738097
0.04768875103393356
0.026639003685449778
0.022370091512612406
0.022891370789856907
0.0260432751180071
0.03300419578055269
0.016773407306867404
0.01940575281058478
0.050875059999692274
0.02934693453946516
0.024574314213389386
0.024151123947398764
0.03245734863787592
0.036458774518470176
0.014717002829543479
0.05564670549148854
0.05396343956055636
0.03824722636904362
0.06513732262684364
0.032720136400942554
0.03361131904288979
0.02426736542540931
0.08593917468892395
0.0353340856326289
0.0327701287231066
0.03338947092671356
0.04529163090977074
0.026346026991281007
0.01978900804282997
0.01568538495498972
0.022114020240641734
0.0737116716051349
0.023067623145979
0.04047054902040001
0.04995998223107652
0.027819520978293263
0.021400593764134012
0.02572751644770367
0.04512577027728958
0.030137041312566698
0.05160583396175913
0.02938438768127314
0.011952248575727601
0.03855443276842723
0.027666973000944034
0.020291866128487563
0.031029825678655188
0.03421081802154555
0.03888703332834814
0.024130491485098195
0.026135316808847963
0.03563170962640771
0.016295635026946538
0.027808606535223688
0.012734634766840103
0.032847659277244264
0.028012607942317302
0.031406870438479055
0.027870585717875672
0.047627350384651775
0.07001265664450435
0.020175469122595824
0.03308648726976083
0.044393923188945916
0.032073560877876904
0.03032538172157704
0.03306131700843886
0.03426085779392977
0.03013215981666079
0.04148524635747695
0.034041648424725415
0.04046804812111057
0.03059831383143725
0.03070250986248075
0.02989193655552542
0.06330207149024936
0.056223041027388114
0.04483116000218252
0.049560503797263906
0.021747091744987002
0.039742868401770784
0.03433293270677769
0.0221239088224568
0.026577246701103042
0.03095955268007226
0.04266978084284685
0.020861531094496177
0.254190344893324
0.021761132545600224
0.012882932467460553
0.028993983679866088
0.03300923572114335
0.03663491383137751
0.026015646986385553
0.021735216133237065
0.026323860646300348
0.027744057296877775
0.026468642662776314
0.02242593633878005
0.03400621009226008
0.030538805851579566
0.04052608726146929
0.021909047758094755
0.03664663414823477
0.01913506436152028
0.032950649252295496
0.03161050010535808
0.04143541688631077
0.03593185722067389
0.0190631726574296
0.028333413522318347
0.03740447888308769
0.026444862957843783
0.01875344942194428
0.01832935955273496
0.03461933498349851
0.026391528561215696
0.03508586192431434
0.038998545647702165
0.03555199813384063
0.043488654109437384
0.024401373190868037
0.034876210346888675
0.027605364071244143
0.03450148573877647
0.019619488285049797
0.02582750026751371
0.026599107411870396
0.023719244265294887
0.023905678177576235
0.025107733798372903
0.02078401600738567
0.04002350788445697
0.020610996008388605
0.021154118621784113
0.046442764746194874
0.03783987376397858
0.02815805737947115
0.0479364687259864
0.05522644406516463
0.038611947125718665
0.03326341252422354
0.028538403072200513
0.029150695427009585
0.03560489947976684
0.04746244496582433
0.024656222517380758
0.022588723140527643
0.03059204415491802
0.04400627685760149
0.03696180198070074
0.031051139692340562
0.01733292961317617
0.024165630099437323
0.030540409501805584
0.036883918083073945
0.01841385111296308
0.030617298311492697
0.02022067945089354
0.03187237237072657
0.033815425078767086
0.024835718410932222
0.03185627804221765
0.03422798222635275
0.03137831734782185
0.0335600117578504
0.028573097188744526
0.035637119192294786
0.0206035866174376
0.04050739731542387
0.0260657863362141
0.031031497183560436
0.04725968078301941
0.03392336156013246
0.02731588717177406
