0.03508389786661941
0.05396673467695128
0.03299785988055186
0.04588727849061878
0.02050136883397589
0.027726121994977294
0.031228272302114682
0.02651329642554277
0.024627178184417405
0.029119268689613235
0.028502174513924197
0.029882584181069132
0.01989208112877703
0.03709902333728496
0.033410383512785025
0.036747287027701185
0.0376191905721725
0.029131128356006033
0.02264330994867029
0.021750912682367528
0.025098990274186224
0.03246343622579443
0.019873071566623428
0.018428790044281416
0.04120293568487528
0.03379423043422811
0.025247792529834726
0.02355226919938426
0.034537804071707055
0.055492480297718964
0.02945507645264931
0.03898984898002343
0.04290423684098873
0.03243767996079866
0.041176048650883035
0.03161196235806886
0.018055263781117055
0.030184166076835293
0.024191066594603648
0.04198631492289744
0.013762625223673356
0.0305856295235649
0.035241656985580995
0.04185791637357176
0.031744696664179166
0.031739726980552066
0.04748735491225566
0.023773003589414417
0.03610882385605926
0.043254591266728204
0.039450178189692806
0.02165145271328597
0.03351392883533622
0.03328217893483546
0.043043700534661174
0.02806073739787147
0.03211261998146384
0.025697887419596204
0.026509691002808887
0.04184786673787128
0.021249101811280535
0.021379769748589916
0.027198922005878087
0.04978917136221604
0.04992920767389914
0.034872869428883554
0.02879697885467131
0.05324010224020381
0.03037904575941807
0.030824090789964724
0.030762884324035497
0.02281728276371359
0.02698552912544181
0.047184885722980456
0.04367773967144376
0.05687939498630459
0.03466588208316482
0.02354588600111458
0.03093247212019452
0.031197610767491
0.04565818671110309
0.020388958353355552
0.025745997041245854
0.030714260116217435
0.015247532174619579
0.03219161463133125
0.028211205257098446
0.029057090885012682
0.02210262414170321
0.02211494302274607
0.028692945271659456
0.02238196355458571
0.03298888231350687
0.04672491182133501
0.029596396078296033
0.03766893982229022
0.03720112303381476
0.037600933732160044
0.04023699100595166
0.05542981243462434
0.0291825170714309
0.030613163450926278
0.0245310974355357
0.04818894022759298
0.02556194320782673
0.031451873513660585
0.02619540373908661
0.0322638236920666
0.02303862501212963
0.02453354730078599
0.023745417863953185
0.049913934454976605
0.03768406661990022
0.023607589596658606
0.016771084856596393
0.04130013636094997
0.03185794318863994
0.03926996852766898
0.04185594646425672
0.03659266737072832
0.030772274412601747
0.03448047066789176
0.034704967232072795
0.0325348328810125
0.027426559303520774
0.03287396637722579
0.026579226102689146
0.02722227645148852
0.021198430522942926
0.02268960074017995
0.03409980723615457
0.024677200694844737
0.03185800420115328
0.034968617975064405
0.035285155705089034
0.03174843297073307
0.03161570216829748
0.0193794357266366
0.040948952405933076
0.02168141552032836
0.05063537121889524
0.05762521032572595
0.04656763531448975
0.03934033843404754
0.06603366590688561
0.03245760749647907
0.017499858208683685
0.025647168638059947
0.04393172720756678
0.04015877617614056
0.0443760959932993
0.03406744941026647
0.048160193536885096
0.045256542157348534
0.03668629043592727
0.04538724804425853
0.05148796092898607
0.03493642739173897
0.06063756596259646
0.031248834035472794
0.04344442780915197
0.03344221560288089
0.029324067194373665
0.022003060757934637
0.06242051297754183
0.045918590247958156
0.035163568052034515
0.02889952553372779
0.023898023414266573
0.027634551971759527
0.030556366189201118
0.017837584213689018
0.026788071200860998
0.014330706172301996
0.028340716604837543
0.033078099286005865
0.02291946528043862
0.03782153908431999
0.03860690031117823
0.034867481187361694
0.03148124183851867
0.037807495897489427
0.024179912077393922
0.0300734628313786
0.03042183651211932
0.022885477732813134
0.037584439808910707
0.02204756778731623
0.036293136244451976
0.03268793516375296
0.01898027829182866
0.029385400024181305
0.02444036200985135
0.036617520296129864
0.02418101131260747
0.037363310886677666
0.020507718656705264
0.032020106709371235
0.02546509498215516
0.03457410732695447
0.0228476044746021
0.033735276814490144
0.02186699591941375
0.028492062550219407
0.02873682793174101
0.03770181084705402
0.029583784601600435
0.02759769533308093
0.03985168133081533
0.035843193269077485
0.02421069188280516
0.022116028642743875
0.028245903371750092
0.02312663825811015
0.02112718589016567
0.03610251976832407
0.028601494335472863
0.02473721995366875
0.02734838535131237
0.020950037627305886
0.04210743545347658
0.024773904258022183
0.051663879582748665
0.03211974579599377
0.0606442171784957
0.035623471229438514
0.03976843911254027
0.0392527313264807
0.03263600812259088
0.02937069625035964
0.02625535244423972
0.029020463720108525
0.041319815597653915
0.03346959300790502
0.03403590104862571
0.04517407339928294
0.03416676424851326
0.018397798571555737
0.24709701240962853
0.017877704948152787
0.032711741200789485
0.027339202794424557
0.03648537434140672
0.029290839389942196
0.046889261963663685
0.019329416943801744
0.02151315276121009
0.02585445642596296
0.035909357864854684
0.03092148507153149
0.037002477969743465
0.030201533132256524
0.029334651231334576
0.03316465570712396
0.03147689550398281
0.02298580060181949
