0.02167782758019677
0.029425843928447805
0.027571060357101364
0.030816197277331547
0.03543539561488184
0.01695237287878719
0.04361241211061451
0.035450608782440156
0.023444696052047354
0.022617307674953412
0.03703471654172678
0.023524666475274427
0.03285604503788452
0.04090671937354396
0.04218946488666322
0.03097936473566534
0.03400379684698563
0.022120615415144894
0.023888557304167373
0.026077283203887323
0.04596803271836601
0.032333638594921624
0.021619610429129757
0.04349476890774969
0.028896798971979783
0.03036982403338321
0.03220432776707679
0.03559185636778308
0.03537975697207531
0.03906877079416527
0.02481465777503359
0.036258171243394526
0.038447027421671734
0.02715474501923732
0.03545212446782606
0.02756740904964957
0.025247093212301557
0.2463043127505043
0.03236795331817512
0.03203981208261524
0.03189330080842429
0.02426151189230732
0.03881314314810906
0.03576322615166812
0.014009055069366762
0.02469402595379393
0.040727470993653585
0.034888561824216006
0.03278835421093411
0.02212680031679442
0.02110849210513524
0.03633166093530761
0.019817614366319812
0.03075339486744384
0.019590713379565538
0.029844925125480436
0.02776826254430829
0.02083480969025158
0.04300000305183924
0.027989863258789077
0.02262615354182798
0.03911736653192567
0.03811651669808374
0.03175617069183782
0.026738246813800947
0.04021335959821481
0.05223186176612754
0.03559960413171919
0.028274255686622462
0.033961739625931193
0.021943515898635777
0.04173059251939564
0.029183594316745422
0.027559424612473064
0.04125500265742378
0.032534270086575535
0.04154792489665643
0.03243924063672176
0.020075950029348217
0.02765412380271494
0.040113460393137006
0.02107423259476959
0.0348857913557645
0.037016630338905586
0.01799483827898195
0.02165107409203041
0.025613144149773795
0.032855187596036235
0.029072985060461104
0.04187335984309715
0.023693455436383952
0.024084205839540473
0.04036055842738878
0.0322744764894041
0.03396536558624614
0.027262024769694585
0.036744006770488294
0.05171396903724598
0.04591999591512598
0.03960158907525671
0.020870544137299735
0.047397415890795866
0.02319998704331098
0.02878253570912378
0.023016607097293005
0.03625050651097203
0.050195847818462765
0.0296637497916572
0.02760601430177201
0.040579052799471264
0.03666269500908908
0.04597129706462738
0.053832190117690096
0.03329479068781263
0.03261234462497823
0.04045074033825842
0.03453007009988187
0.029450876599271092
0.04296291014539163
0.03788465325103705
0.032337996411081316
0.03058430152327017
0.024555249633337956
0.02635200622038024
0.02416346920692925
0.023158459393115664
0.06073596000891024
0.025613429058357395
0.03841842092590527
0.03309398290027288
0.032441585124395635
0.0384855411043505
0.03357590500793974
0.030511922441877757
0.0253859087126056
0.03729359973831896
0.03621750559778054
0.018678952587451142
0.032268969975943806
0.0235905288440153
0.03886259936405608
0.03614197406938248
0.033576885138382175
0.045058522860918146
0.024050962445715723
0.023134533858734294
0.036796293647631595
0.030235389370431066
0.03774471469721454
0.019952965818650775
0.02795551112150969
0.023347450284343995
0.04880248512041269
0.032602261834972814
0.0334568087669057
0.05104874488814151
0.06640456994628278
0.06260783194128881
0.05301430835103507
0.03310367044365277
0.027383053139409138
0.032233841357011114
0.037067504451566424
0.04326781227014649
0.02766981872996497
0.036031902572812274
0.028538520170716616
0.0248564405610738
0.053690667946900916
0.04073628288258429
0.03730057298829049
0.024585808734197148
0.03449207804301777
0.03075098940063807
0.022303713147490294
0.020539574122108235
0.01806353176050925
0.022764720093048876
0.05489496927960643
0.019990762421243792
0.02902614532196947
0.030793430508379037
0.03582437612956892
0.043342378784665535
0.04616456578809073
0.028946190551936608
0.024527784817013478
0.04319885016101126
0.044284365761492715
0.02377459582159814
0.02867906133885256
0.036050018434201164
0.03105157325529594
0.01901581263330073
0.020138333103819215
0.025826215490465338
0.022199045784732613
0.025791049130634312
0.031357241207335095
0.023764859918811915
0.017396456328831078
0.025065698098888048
0.03922875067614507
0.041422824574792946
0.02601982044283969
0.033964559351845204
0.022605742363987817
0.03428232199982581
0.034681726693176394
0.02913424153313383
0.02680775784423965
0.03217438530378913
0.027072767938873445
0.0286414426978344
0.028070325669963397
0.02333356653584841
0.03270864582844844
0.03307059204418004
0.0494708238966219
0.025686527140040535
0.053648849362931676
0.03867946048760912
0.04115479104762726
0.023621656289517803
0.05009587481438846
0.03730449868620366
0.042540575994826406
0.03338891215122715
0.029443785439310234
0.030706403795296502
0.018496955844714256
0.03029751888748332
0.022551188865331293
0.021627887682315824
0.03849501711795537
0.04496242113657195
0.036274706087575714
0.029695617916445226
0.032733743968939716
0.02678612447635755
0.021022519204360185
0.021592031945339926
0.021011789310225716
0.02115051663152455
0.05350607132856279
0.02976748556506082
0.029044547694481393
0.028567818583641436
0.012314470075367597
0.026028395864390284
0.04410041699438083
0.03219397539054622
0.03721655048657379
0.03112292828099513
0.019652863991298408
0.02520153757941552
