0.02735904728046766
0.02668481757897716
0.026156799182854365
0.02600880884342828
0.020904602459069183
0.03266240735707792
0.03264365788308787
0.018103068924680984
0.018432754371016873
0.021171763853131062
0.03495595928104296
0.03075962324195647
0.029655017173393656
0.02422759417910367
0.03646323015542384
0.03188021650913508
0.04995101328554792
0.022594767955367263
0.025898388194378744
0.025562833517354097
0.037013385604860095
0.03150505124362712
0.04291299133358859
0.04415031771115763
0.05215112701868318
0.03686046713406735
0.019431475598556413
0.02310470411094692
0.04376754692718794
0.0438192846918261
0.05039723589987724
0.02725482281097503
0.03799359411616846
0.0300650884957384
0.061663454992888445
0.05903247340546144
0.027710436064745717
0.037459004495031284
0.04373505926744315
0.049994372542615365
0.022495681241944898
0.02412306097491888
0.021250213432795376
0.027380337736410857
0.016638938170730814
0.02571501446795659
0.026150963443973066
0.03002774549518106
0.048496371717169195
0.045004751551167364
0.040046452216339096
0.027099940123009647
0.03684392997667351
0.015023701834974505
0.022348720475975078
0.04660064947038747
0.02130546474719374
0.03354688272298135
0.04456101929355455
0.017802370150642597
0.03929398055131938
0.02118131959960765
0.044740229967616015
0.019306780450909677
0.050807490014121305
0.026450843645265402
0.025319348140140332
0.04060417889346183
0.04918950924397267
0.03010785854744685
0.02932362197192891
0.03879453340972006
0.02998468699013797
0.023481752826912127
0.0473052852690275
0.029487524815385975
0.0489021727635657
0.026312500935253853
0.023431002123596275
0.017174226192661072
0.031086711002833004
0.03712405813808287
0.04797315542703814
0.02716450714921948
0.027966326574387027
0.03672470634885487
0.02718581429410939
0.06347038258529668
0.03103044338893886
0.03066998046565847
0.03459061132014132
0.02704332740585357
0.014624948069228262
0.03478357621738053
0.03334616115985057
0.033217633319630985
0.03331501518143006
0.03829665342972724
0.07635786063228801
0.07575823560578719
0.02931629876315013
0.035751836169130934
0.046422147929003094
0.0419152541069871
0.027413774634918505
0.038442664654220624
0.04134748027014619
0.038586635181296264
0.06499809797022696
0.025773546477606525
0.03570010315724
0.04304374431050245
0.05616191503273315
0.03777450685357888
0.026271277743938674
0.05606803253688891
0.02633919469768322
0.03625862559719082
0.03465412906025027
0.04232277429827362
0.03463701096254435
0.020686521674501766
0.04368725208150877
0.0267064247400685
0.02488138741464033
0.027667258966986047
0.052283286020205995
0.040331396860125615
0.028364966834815493
0.02793648305705083
0.028507653248867094
0.040791206111199664
0.03887350425688222
0.032056664515904464
0.03725118865945149
0.025147798916782017
0.047779319131622366
0.06690963105712967
0.031802111996608574
0.02370866516668384
0.0447368554705323
0.05620763119535639
0.040811274815603586
0.0310657506513657
0.040937275789081795
0.025012462031799982
0.02815669291178074
0.03849381403663955
0.05295368857076832
0.03803153556022079
0.02713158730390997
0.04670545641402109
0.06249078990785009
0.044322469777226065
0.03139294706624458
0.04787124509654828
0.061896120636124916
0.060833590841818455
0.04661596203039397
0.07143063279367094
0.03405216666644667
0.0457216177355296
0.020397432309725367
0.026835262263876312
0.029870174456674614
0.02342834825814051
0.027063732243931184
0.02313685828774257
0.033633859701487044
0.03900545280884443
0.03259599931663281
0.046934937058448284
0.046227049284815615
0.03306773587148842
0.03570793481502968
0.048083850127322414
0.020707951579999023
0.036681433907821054
0.026052518453506476
0.03311082227009046
0.0195082362735907
0.030087712997061165
0.02391882519110756
0.020967836545102567
0.03590290184953303
0.0195568242663761
0.03932389893536311
0.024000492367274494
0.0363128216914773
0.030922173600816078
0.028978508087242765
0.02176047272303651
0.02165210766695965
0.04836539708427057
0.02532385706986696
0.02390205919272017
0.043351247868012206
0.029909158674466675
0.03170217987514861
0.042978567021863985
0.02439475476743407
0.017598612320673446
0.03970229144935051
0.04508328502190447
0.05831521812734421
0.02151131718553249
0.033302769969742435
0.03351034472026282
0.026644862695194723
0.020226084758377304
0.026524738116582063
0.04081706829973643
0.03361202423241977
0.027685867079686295
0.022224348906489826
0.028768595095084996
0.02686515606931917
0.03946380371297236
0.0255658953018451
0.021660519512204355
0.02434707914484125
0.03217483487396858
0.035337761328522864
0.03904109449440771
0.02957954048347249
0.25374816094475966
0.03229157417075711
0.03215480200237436
0.05140828726653494
0.03347643941604885
0.03281020484234094
0.025452597375901026
0.022728556973330375
0.029278161102766813
0.034877686295725095
0.041424945438132986
0.04470341585802011
0.03965382661610814
0.02320658350900149
0.023329015901210448
0.02598166261840907
0.02785507938315439
0.03475063055911991
0.050355509700211784
0.03072693131603914
0.016394445950538527
0.016683597039215337
0.032028993213502825
0.0284452778629191
0.02629453392087276
0.027487867723299756
0.021922515267607127
0.025006419955051963
0.02401789275920512
0.02729841550565554
0.03623600620451067
