0.028506487615660447
0.023370373857950228
0.033030797148374674
0.06105138346867405
0.02317763286755199
0.030508746507042172
0.029166741235541357
0.03247711479859117
0.0346004483267322
0.024031746851771098
0.03277797470218068
0.02301528254133447
0.03998375507768561
0.018803707876296028
0.017447008731908124
0.018166623250514824
0.02998656251296334
0.018648707023961427
0.02870711501710077
0.03290544366757744
0.029050180854274642
0.019319367657467366
0.04570769235541687
0.025503173247771762
0.05402330921585392
0.02890974277507542
0.03409164892604391
0.017871270212780767
0.03643173928764402
0.037199245437108154
0.03485169434580889
0.02734578944788239
0.029029023023310657
0.03357542128943731
0.03977553225848981
0.034202305905088826
0.02373410993196068
0.019809798693536232
0.06489618779890795
0.022704088147904006
0.03982655603041299
0.030369182436494002
0.037572494994221245
0.02684417091023725
0.0267397871510154
0.03141380264374671
0.03456016936161523
0.025447429102291762
0.024460345248291784
0.0278522399748187
0.027362955825686777
0.0507146718569682
0.02358351720991769
0.027120720153226356
0.039960225348027394
0.035923996066870134
0.030313603271480177
0.03003690357469615
0.025780773265606162
0.026886522189927577
0.028930428651095002
0.019264041825139716
0.03692223859884358
0.026225463276807817
0.027152097087644506
0.031422874014443755
0.031055814996016826
0.04325155427540808
0.02747082304103677
0.034071678291392266
0.024900968496460642
0.03892563016239605
0.024596119076359522
0.02887267044367442
0.03095196815850595
0.02562546272230907
0.028233215997074484
0.04526733575908423
0.043621093826424
0.024673599291912277
0.02946553391457528
0.02243367821822892
0.03166148449534731
0.01861670753375039
0.02487718215712657
0.026840154109150832
0.04158517793666458
0.02636011193930416
0.024104935414713046
0.018114751091183063
0.02776689245931545
0.030260451475795685
0.04684349409853158
0.025376166774448417
0.04424177958842829
0.022130074566296686
0.034055783867123914
0.040402439668916046
0.05161307379411802
0.03371221989329521
0.05596572314671545
0.045801809704087135
0.0692550534512036
0.0559714779273131
0.05764591623755538
0.030153734013911717
0.036359682301290025
0.04613632673330824
0.03674600812613431
0.02096359547490311
0.02302384306728999
0.034105754702226945
0.03842783746474133
0.04330317020320003
0.05005292235962391
0.038982436145493474
0.07257711633364944
0.023292429350116977
0.02695827085818162
0.03776206555039375
0.030834413106543557
0.035492166193416684
0.03248748347085474
0.034661372990694876
0.028780252801491244
0.031932077749699236
0.03533148231304634
0.036757240254131886
0.04241309946808787
0.027002872949139785
0.027232797301859072
0.027336772648572955
0.025301701971912952
0.03764672035566277
0.02383380533501494
0.027960940834444795
0.031509130592155536
0.05107215857128694
0.04708663426670206
0.024523798746568085
0.038359583437933054
0.046427839672238194
0.030407142607263387
0.030816813372252533
0.05043988517756465
0.02293142742039922
0.029042886524244454
0.018589275905409493
0.02465975216590446
0.04889721442411837
0.02937972323043034
0.03826556882155578
0.03446804790557219
0.03283738179973314
0.018932826661133835
0.025905706045597693
0.05159703317462565
0.055776424140275824
0.04683353220241144
0.03812038647504573
0.0364171113784433
0.033559892206577055
0.03763180641000846
0.034073574416796495
0.03597075554761791
0.0441143671165239
0.025604239864308535
0.027307643836885925
0.022611632867444064
0.02966954569324688
0.04597263390571179
0.02740368932304347
0.04280837296743709
0.027370906688716265
0.02671376872745724
0.04414358928961097
0.04159300594691585
0.01828145282715756
0.014903496592611334
0.023444985792731292
0.02841809832104651
0.030151936117865475
0.03077943970621152
0.04218861621411937
0.05231140350932914
0.04928460158101231
0.02495921967174142
0.03237396494771094
0.030677764708520426
0.03586397729923652
0.04651256822205588
0.02852125393312926
0.04143574229503786
0.038269661580064514
0.029295840634813563
0.024286812798587406
0.028028925201732793
0.032103638934577926
0.029541240429578088
0.0390350878090787
0.024700833478173218
0.03353653031800152
0.0336037141818735
0.018533643806943313
0.01772319653228128
0.03104152719282799
0.035694623552768534
0.014810805273591595
0.02892022987219402
0.03361628622437774
0.03605111626052579
0.021733085063336172
0.03055185004283759
0.025805267788856633
0.03071177711808898
0.017515406760502856
0.0355589541667823
0.0261999985015439
0.031416376314817376
0.031209989078125916
0.026618363252093376
0.051525175038445926
0.025487679208584312
0.02528313729028068
0.030659480592305017
0.018415770650432737
0.0326964442255752
0.037644683149551994
0.039789633517321024
0.0399221521054736
0.03298489050967137
0.02783807146034438
0.02800542707941043
0.032154034576737454
0.03315153146103993
0.02961225783708496
0.039261648179443706
0.024758999121659662
0.023508726358345076
0.013936552289291332
0.03233952793369225
0.031144616424926354
0.03424076642841208
0.035303884952136724
0.03144856967807871
0.02202626285848042
0.03604458654544055
0.04342064586763087
0.03050767211803138
0.24723208894489543
0.023942364434286156
0.021762736624598374
0.037634125137440175
0.01664055447329104
0.033331700312500934
0.04335449430910636
