0.036156178833075314
0.01721999222012897
0.03213839455931645
0.044685996842619195
0.03831637295583698
0.02582906679407446
0.021737072024648318
0.022755213664406134
0.02596590556921314
0.04214828770299677
0.024234645433795755
0.03387510926363242
0.021730629774750244
0.03232070093943553
0.03416652723388374
0.02392924588194249
0.019093709614324408
0.033322609070574515
0.033750516412189145
0.021129718094314107
0.02802819081867166
0.03239417776663515
0.027902256644009697
0.022835129162292456
0.032286722351577014
0.03865243859264303
0.03048979109445544
0.031587600407325306
0.03298143868995927
0.050183841530805184
0.0494792296842545
0.03905854641915977
0.03258250947513259
0.021518994738598946
0.046586451823543484
0.03526361812574691
0.022362440250218378
0.025261001357112418
0.03153667822587747
0.02218235502712288
0.025651533610360672
0.029618243864126148
0.02703181796167607
0.015076234871475887
0.024255380265595077
0.04006438459410461
0.021383686756664626
0.043421162691912506
0.024974219418333093
0.017714341005264127
0.02569295150606997
0.027129763629427178
0.024321090930556268
0.02413802421278085
0.01938894298655299
0.03408074411125933
0.0185921410177706
0.039621597488826446
0.025294667129254315
0.03894851132940415
0.03493696533788907
0.03940649010255302
0.040093582422122284
0.2787952880584081
0.03667900711623653
0.04358081239276136
0.04818794912903033
0.04979056017533472
0.04595463654271059
0.03603849318801604
0.028817676758722852
0.025565096200781123
0.038975743026279305
0.05664690099390142
0.03285035197234613
0.026405380025617143
0.023030370526723087
0.0230036672656181
0.0317468701824754
0.02050433088826303
0.05429363315362382
0.02975710817806424
0.038501733818921774
0.030279620251803505
0.025465826929891106
0.023445814258094187
0.04551968499369977
0.03861935427192262
0.035138597415535426
0.01982204503614797
0.021888344019329087
0.023236927349704478
0.030642414433555053
0.015816283050286914
0.02056335171020411
0.047652469335873325
0.0485338870645092
0.03806386760936963
0.04453690194289257
0.04496161665204457
0.04721782426540114
0.04201136244080224
0.03307310356670074
0.050552180856642814
0.03825836779986711
0.016251079270149012
0.036249298958328735
0.029459481532372073
0.029514490957744048
0.027816582497877964
0.032755664249194336
0.033532142660876105
0.02491842675812194
0.041555709724460314
0.021909859471752682
0.06871735241335418
0.02137724749647723
0.04125362822881289
0.027434769404833616
0.027677271008990676
0.029485724094774932
0.012927141261890065
0.030701072247795246
0.03930431721810301
0.03101184004597038
0.02769588934095175
0.02552582482846801
0.03330541945895335
0.029393328715261426
0.03385528717031678
0.027474065318483402
0.05560511571864043
0.04507978565478142
0.025181880427273633
0.033591931994224264
0.0339204497785867
0.03608267903683954
0.04260825984534782
0.03064514896017642
0.02732452137780998
0.05259585737137128
0.028632963004473846
0.03815370730769488
0.028422491344251354
0.03406826864416183
0.029469224416203674
0.020207291311914996
0.01456852921390708
0.0315258243684856
0.039735433064393096
0.028149977532605314
0.02602336259143682
0.04755176896036429
0.03869643329096427
0.04565508884847126
0.0345721425951798
0.027460156473130496
0.039993077241811115
0.04907023695706354
0.02595160383363242
0.05523213811318909
0.02385283970406144
0.038656938028684855
0.024911575817255872
0.036832472733635706
0.02521927571434281
0.03262472341097877
0.030355684940151756
0.020140769863042772
0.019116025697085273
0.02101241450031441
0.023886314958002884
0.035015139522591436
0.04078787422427829
0.02957216536025123
0.021221658125474083
0.025285109484326676
0.02575657807047787
0.07370766273698243
0.02584476385438764
0.02905165431342253
0.038942527842342596
0.022213851875675452
0.028207903378867423
0.03403543126223626
0.027324231861117463
0.020501738457296963
0.027008995959313175
0.0336603268177491
0.06157603961543684
0.03695114633444968
0.03571418476634415
0.03228466695988993
0.02627460608064165
0.03673637074032147
0.03545107627366517
0.02862637610631472
0.024849306721695285
0.036291121547670356
0.022753593651091326
0.030249096944830953
0.016506187942879502
0.02571711078183081
0.024083951856836032
0.041463411880382293
0.03717563432262711
0.0414616582557537
0.031878569314270286
0.035943510066824017
0.02411709295635799
0.03459908384050863
0.014378346530312641
0.020443828937372614
0.022975934447471025
0.03882536741874616
0.020892502360263188
0.030539660917984143
0.05193775752224639
0.022269833171050843
0.027249257743698845
0.05209625193601102
0.024672548851870046
0.023225885201347895
0.029262031813472648
0.042334493096786524
0.022526094084500393
0.0253569557913683
0.050034106212429826
0.019896114810448978
0.03333704402603612
0.05177948769473587
0.02890862928027249
0.03455058616611021
0.04544582296350266
0.039305537714072455
0.03393332621282141
0.023415717558185643
0.024467790869486424
0.06221130291293375
0.03725260990676548
0.021819593941205206
0.034125069037735954
0.03108592701420325
0.03654570310417691
0.03338710162965562
0.018061194255812738
0.028253994720555203
0.022416471205839388
0.07182284198681652
0.02480367683212716
0.04755627645897996
0.025696284549732936
0.036276317390029754
0.02751468620359013
0.038980035899509546
0.026311142233332797
