0.027692577346295072
0.059834598376941224
0.02390787928997762
0.029772420680175483
0.03328676809015973
0.02506785155416243
0.024737644402114237
0.022583956345069232
0.02391841343861802
0.025503034837855966
0.025075563989050552
0.025029482386715752
0.029509049044671
0.028516741824085888
0.03124800703877035
0.04137394485034334
0.03842306390877345
0.034756110339977137
0.030874879457207956
0.0301954438408725
0.02563467772162503
0.05096837525687289
0.02618294314346361
0.036967008380159254
0.022664615114103788
0.03458025271360438
0.03535742675803834
0.04025472091634929
0.03747362184185509
0.030753469026659423
0.03316719055881555
0.04156684936122808
0.03461687839761264
0.02611885021254685
0.030211657825958797
0.03739653507441693
0.025455108107631103
0.02017712292440014
0.038265843452931506
0.0361628830048886
0.026441656737992477
0.031751752030334555
0.034550173333272385
0.034397852263097606
0.030542212707579494
0.03691432471863811
0.03640217681786566
0.026231620409981685
0.03389369725123544
0.023984778600569783
0.033071790101017934
0.028222345176061356
0.03228024474902665
0.03528177878805958
0.0348004247515725
0.028012091935779495
0.025811499242757167
0.033382132741957324
0.041488491854948795
0.02091401504302301
0.04729359781611509
0.024711916769552186
0.022920850199104986
0.049769141729400584
0.03204806708127664
0.033133540478625524
0.041395635503607926
0.028969548795868598
0.028245599702263882
0.02942784141925227
0.02045596686771361
0.029050213895246393
0.03149664223565396
0.027185668489756554
0.02007263605644013
0.033010804977879386
0.0266534836013771
0.01659894517998412
0.030813060233873184
0.02784727002279235
0.02403741494184436
0.03985768976119479
0.026006799608456352
0.03608562284817741
0.01960525825916469
0.03340588444221482
0.029107379278898806
0.045108191361616076
0.025940475495074493
0.0200262054230627
0.02942459769031507
0.024433367859723228
0.035951342836840976
0.03805179358599917
0.03150025775549638
0.032386964368786374
0.0342234682679803
0.040855797662781954
0.049901386578621205
0.06706280619170364
0.03362937489396373
0.03581919695962434
0.028187465534575126
0.041223456537525204
0.018048926792058714
0.05473826655945142
0.029833306925993175
0.0508157670296096
0.0421061137478708
0.03240767586495107
0.027943664424789284
0.026888366516129494
0.0280965966210434
0.0389287248045277
0.041934316048568405
0.054469418158246595
0.029565835433720877
0.03609266754218264
0.0503970236561253
0.030722382224814975
0.03243073333198195
0.03230782881275101
0.024836842930798596
0.017839931167470142
0.035315263633572604
0.025427686170665282
0.039225636342607166
0.020014132505650272
0.0434476332855458
0.01957334987472614
0.03130227498317448
0.02706507821595213
0.03896799103270363
0.03659202936427843
0.03819390828771283
0.02588727757914697
0.037039924416672615
0.04344751767303896
0.026392618838204953
0.029098272690680407
0.06111253660834231
0.04521558991033121
0.04302330402819819
0.04444200152873243
0.04247526137015818
0.017737805532152456
0.020528357395188972
0.025802819031035693
0.0365259473819956
0.04030331255875855
0.04467407124441199
0.03147435889845799
0.049321306546806415
0.04540316176634129
0.034764651711426744
0.0385356715500657
0.06037605731677051
0.06267048246425949
0.05030099998345251
0.030474443235690922
0.02209603130151474
0.030976093693698054
0.04370391877998105
0.039797362061627505
0.027447758667448374
0.02086139829603879
0.03743534188905632
0.03160270362393433
0.026214130375759575
0.0367994459913312
0.025181259642149192
0.020512462488909665
0.030702318681749954
0.031200247308721337
0.023445516021422568
0.02293442462545995
0.02420098747949106
0.03648746883372305
0.03862199322992781
0.025152334995875335
0.03390756119234024
0.025661706692930383
0.035649098809134874
0.024312470448216623
0.05676253721834459
0.024112456635646703
0.031520747648135915
0.01963861337199209
0.026146129685501108
0.035875571911575456
0.05009956006612934
0.027426512709406912
0.03542291557576315
0.02275637725741722
0.024913467556685092
0.017737502294439447
0.01986217469458551
0.02481734315745723
0.032683643958302325
0.03606589348186497
0.03512884467786818
0.0391306620797692
0.02399217609258618
0.03469421577560817
0.02702926255504601
0.028411882344017717
0.046353194482541396
0.03892324028736308
0.2513347546413898
0.03444353022651048
0.023278611605733145
0.04052229816915935
0.02024784250656424
0.02870565887516128
0.02871989377353299
0.02516648307999626
0.0242417659430193
0.01482332043079367
0.04720630458366901
0.02700138731123857
0.03125195037276526
0.043555000138513905
0.054794600993952856
0.03425508717393632
0.03891751126311726
0.03750976535417161
0.02177121711747237
0.04331634037423735
0.0312620787248749
0.018530072872046558
0.022565565012897616
0.0279832079353315
0.02096734393797853
0.04040077378475904
0.037051706550921513
0.023997030671671127
0.031943850481354834
0.028445784487129876
0.029164746937909294
0.03349043988526797
0.03359081125959527
0.02355448800927854
0.03752326231050758
0.041918544877780683
0.027794923421737814
0.015264119534531618
0.013500089761281135
0.020064428781120597
0.027245089648215894
0.017947452189742995
0.03259211896386989
0.03515306461974627
0.030570838953053823
0.016936751742669027
0.025669695540652758
0.034957629796811975
