0.025243002006361894
0.021132687114605822
0.017216685957565543
0.03262910075820531
0.033831778402464964
0.025173032556668574
0.02157372851934453
0.03257903551339904
0.02551494423242667
0.0250853212849392
0.020043844727032196
0.02621478253336246
0.028689325787272082
0.022325103135880375
0.03346111001322716
0.027612181427797675
0.03187175192506594
0.03758697223141707
0.024545369858408748
0.05451070464851299
0.2414875210674678
0.03450075048723499
0.026184579798912293
0.039632829381822374
0.035849805379585827
0.040275976220170595
0.03879807595370231
0.03719364985284723
0.040127264341618785
0.04425157825815462
0.030497293959154594
0.030329607067862946
0.021497669979687568
0.025247873482323453
0.03328043315970143
0.04042409058049297
0.050537915241527606
0.022159145298210968
0.04612447075586115
0.0313962676472911
0.02119001098856561
0.027460168691174996
0.029953890057035602
0.03510429593739923
0.03376970439676041
0.025423783164427307
0.029033790692086142
0.027776014600083807
0.03101003482335421
0.04214115432862851
0.0343113383886535
0.045568851811889646
0.030743288401954626
0.02227117553484057
0.028375303881678363
0.026791593172883356
0.026804915620556834
0.04080017462271952
0.035524786250456325
0.0304846093067019
0.03788478313857342
0.035147315707679504
0.0178929554730122
0.026766919857540074
0.026838447652199376
0.03805303419911577
0.0342055570161067
0.029270731995555594
0.026536273679817507
0.045519043534707725
0.03892609896285646
0.030274317820385595
0.03668658255006795
0.024956619127242268
0.031134107928101694
0.03162967600582806
0.021611236950887014
0.02945122781311899
0.02415421199990429
0.04274767869052073
0.02539933710827845
0.017639589711701927
0.05500520257720862
0.027253601117929124
0.021800905767955993
0.029392871818531955
0.030803125239082796
0.030889084396259772
0.029948558885865055
0.038993241064868775
0.032337587440225905
0.05059966577454587
0.026541892348830438
0.02439298235665232
0.024386240607840365
0.029885623575232143
0.040357613279264064
0.03227637888653896
0.03045947125985537
0.08703713678036332
0.03774778569601742
0.021745690362408497
0.03391555579768452
0.06649978170615742
0.04427164270579335
0.014241238681217176
0.04889780172418859
0.05497276979025305
0.05038856601161531
0.027915518719171393
0.027839543818204755
0.03551226372676065
0.028204815706900584
0.03730270673192028
0.020896571228847725
0.03412739760307176
0.02906025341913873
0.035839547268298404
0.02870543750557354
0.019553632996324528
0.042719887719845515
0.018587137305875665
0.029858325686637575
0.03183960589529581
0.021241387371552893
0.023502358990849948
0.02595958203646868
0.016195125113686707
0.021524763968881342
0.031697179581887835
0.03286518940644867
0.023013865572922194
0.0382261565049603
0.030498455628468292
0.02205950950942033
0.04040815733067424
0.0342723526384608
0.024906075295223783
0.023872495448776846
0.033144931031798976
0.04012197919893981
0.05392151607523687
0.04362596703259942
0.03365756875489943
0.043342012957914976
0.030809321014525166
0.03385738153036565
0.026649697538949864
0.02081125941970414
0.023664709575866413
0.03797391892217584
0.028278397949197037
0.02783497381708263
0.0584404867976276
0.06353446085314968
0.047758512444765956
0.03251364827281738
0.04568395058003465
0.046817188764522004
0.028873679923084154
0.02988205885639898
0.023813607467598124
0.02822087696944028
0.03708976465362696
0.038651905438711665
0.03705116922516952
0.03711046199501236
0.03267990843438911
0.05014486237048196
0.03889735524919404
0.05127287360095677
0.028662261762909733
0.025781904118014464
0.031164132833389428
0.030058641952319495
0.029317145552555334
0.02630410963725944
0.05073627734612892
0.0338308883599834
0.026068135526802507
0.0394569325694098
0.03296242179356101
0.02317229036280409
0.03118702593754037
0.02441603378265281
0.023057543867689316
0.02992010413455637
0.03133999464943692
0.0672234249518777
0.01950005655105522
0.03122120468997266
0.03159312035309165
0.03883534062292405
0.051278229890347936
0.03831060939268825
0.05109370425320009
0.0213147699244464
0.040700136083300094
0.03212087058002472
0.03591121332245743
0.02705502595048707
0.032334671437582355
0.031273269711691656
0.0887045108354111
0.026777045385161208
0.03269062142914146
0.030357039850793806
0.0302014668968085
0.01778297828143379
0.026526981237383424
0.025486493267915064
0.03208533420061766
0.019412878483196755
0.026244609783565655
0.030493654786968524
0.02726267183873941
0.04273112786374523
0.03804435528103472
0.027699887482068152
0.028338332511225497
0.0440346723855672
0.02649056585176682
0.02092378583051706
0.020277130112465933
0.03425482595362065
0.04351992288768579
0.022524203203649965
0.02921286511233807
0.030119083406968426
0.040195723008716606
0.025057917856226988
0.029340009257438314
0.025452691240601476
0.02405587823679869
0.034209182124799675
0.028111934065709897
0.023973400512097055
0.02390942508056464
0.03333530816334476
0.03532235905265252
0.018261019505597678
0.018799226147256487
0.02485548848377444
0.025810189718614374
0.028195047524318697
0.017814214463676255
0.023359470380708763
0.04210585399577537
0.04772884912216637
0.039684952080136386
0.022015564661719157
0.035193153321225905
0.028787268757497743
0.029193353049053003
0.037121849074604446
0.02847004309590013
