0.0364429598485699
0.03816788009970719
0.031093971485695295
0.04544435574458015
0.027771818191443993
0.03370209205818777
0.03184144529297827
0.019235294231323835
0.047993752537247684
0.034734922656510306
0.05866808574406619
0.016720022921296568
0.022358540299932804
0.022169868850082784
0.025088089332990605
0.02415142452306305
0.0406344669515911
0.028955202880132643
0.019259047516538185
0.03381086353320191
0.023281698090009118
0.017443803455312892
0.0442411493683706
0.02569026021386567
0.02009289982083541
0.03935900298604093
0.0363203154657899
0.06611612425274262
0.030870135125990017
0.0472034904048035
0.039828258713881286
0.03869119264160988
0.028778712607408573
0.04918291437937124
0.04038120481075839
0.028714981119460525
0.03068435849763304
0.03287149400887327
0.03179103114167011
0.029133682483415798
0.03530286120424159
0.03468029113875602
0.03009425491010213
0.017997669189852378
0.031361697808144046
0.03028325253579726
0.021429396630617707
0.03142428483310012
0.03184557916803334
0.0369254910748974
0.04303558863807902
0.04241182301060994
0.025566278531255197
0.03507102543890506
0.041085558574716456
0.03142226122236278
0.020878766551886165
0.018685004452682084
0.04225733299469157
0.03599836627837305
0.024197024259374506
0.0273188467738557
0.046783158440209076
0.015061110755715297
0.03714340632091023
0.025925583082635387
0.03419160845749219
0.03400179810158874
0.01878031112227199
0.032340198193668214
0.026084562118013573
0.03735631946825344
0.023415677040684625
0.034822882039873285
0.04894007948245478
0.030164959031991845
0.03038016441694193
0.03537350487105991
0.0232467533226992
0.03227827702794033
0.04146280111839248
0.02893303016967093
0.031788060947695394
0.02134260943790569
0.02323700987212881
0.035215780788017334
0.02518232119295528
0.03429130289238933
0.04662095233632436
0.03203196653579261
0.03466998536569196
0.033127901361983896
0.035951577544753074
0.023278528572653907
0.035924082674057674
0.035076404082545726
0.027430410938369707
0.0311682599305956
0.06099200048881377
0.0604527822329293
0.02521612995122013
0.035310251803326746
0.03822231632597854
0.06101515879272196
0.019119073833078874
0.04533358171390152
0.040347775342268896
0.02140682671645894
0.03392350756644773
0.037428272440843874
0.03444447649662118
0.03326374513807617
0.04588580700069776
0.05414136324581667
0.04155474875629146
0.05771103982249667
0.02952599950548229
0.04525721823258586
0.026748370512300352
0.03984600080293329
0.03143248770023955
0.0491081929398556
0.028650248229279335
0.03559642922095847
0.026083169437046434
0.03447784695636408
0.028829499471384197
0.03099532568657415
0.03052217352101088
0.02549136941218362
0.03619319364475317
0.02222568434618149
0.03716821555044277
0.0382141520302064
0.042105403955817196
0.027834070455094475
0.025025193928028818
0.051081531149445025
0.039261122049742865
0.030463997087435125
0.03888474443205448
0.03860738680914795
0.03316498277366537
0.030492548198883595
0.024163296311002936
0.034521667424596246
0.023001981388861236
0.012583661944051113
0.032291447174707645
0.04650264504517972
0.02631012440582317
0.02378814238872116
0.052761285482795704
0.044180786075285736
0.032625600536061006
0.035003165444734495
0.06952586454036029
0.06636736801339922
0.062072138058019075
0.04318525257168531
0.03678770851726531
0.014414713432803929
0.045583883637713894
0.025747766034462483
0.018226934111690365
0.021733395511729498
0.037775434047248826
0.04410254747539164
0.020336303664032707
0.016894436390301696
0.02638771417007566
0.035299183954952774
0.041478799968431686
0.03775112497742306
0.0274752139434235
0.028619505743262236
0.03856362100683324
0.027334681833914114
0.02697920631558618
0.022162056432045305
0.025230214612359043
0.02140697534512785
0.25758657424617115
0.036707194832458816
0.04070632482202698
0.03511839653629474
0.0388720135390395
0.034216348369789346
0.04323614811068322
0.041882311927399204
0.03374937794444063
0.02598994726071737
0.026974179868446142
0.03389522625447144
0.02448199241406867
0.0212407978128979
0.026046990046243338
0.019438750052016434
0.02622110903393387
0.04769456240569945
0.02856626122986483
0.0199098685387061
0.037070912063191325
0.023862261923436125
0.04226383113639204
0.028828126015750286
0.03838381059344816
0.02954897483177285
0.03674259326629935
0.03792013211718522
0.025086513727783893
0.031214517699840336
0.040413780239318624
0.022477100198474154
0.056517113818653895
0.016506261245571682
0.038685003631826746
0.04866817587786225
0.04762468170384504
0.03980671617640918
0.047950005654534666
0.02904566418578143
0.029981550190082328
0.032544194859496174
0.03952070591602208
0.03756171514226784
0.021194015829494893
0.032403993698524786
0.03060588785789303
0.03663528543098364
0.03442241786365703
0.03516897979962154
0.02177124219238291
0.028219680706081312
0.03346147364017132
0.02675118961781277
0.02305643535175492
0.02048790968199128
0.02288592967098283
0.02184538528001192
0.02443544063138065
0.0378403223830453
0.022235353578626212
0.024321368904726803
0.03219845298930831
0.019252635336520593
0.041503683523189235
0.0425357013643517
0.026945619622113583
0.03436910769479426
0.02070355434997569
0.029020468748116805
0.04100812268112836
0.031056530834616587
0.02556706624344814
0.026768394896445346
