0.024378321577872796
0.01456889270945875
0.024887223549118452
0.0297681668555562
0.0241796337853811
0.025152149886655466
0.026835796303833138
0.02740979688681484
0.03300958356086864
0.026065540592394142
0.04327993748311423
0.02518401349813593
0.04064960290012301
0.04127640359083362
0.031581293525720915
0.022334794296735544
0.03392273387258564
0.029964887422386715
0.026307990375177656
0.02963498898910994
0.04218260860337435
0.030602130043162326
0.028192321808787314
0.03604491721576847
0.03111451168528961
0.046319608694073505
0.021103030608967923
0.017800163502969257
0.019734638946992195
0.037759040688749475
0.038852028732542426
0.0322847160375998
0.02375714783974124
0.03683356975250364
0.026284307318082994
0.030250281643571002
0.025469537673907677
0.037911645250587746
0.028431359730887822
0.03792405576632474
0.013311937318967746
0.04521194645659507
0.02237787739495116
0.025505269725565285
0.023427203580501457
0.028653699522882558
0.0284155552850551
0.02932641272930339
0.018730165525824446
0.025069629896202126
0.02246685804497571
0.034042083788283786
0.02383768132658703
0.023356880193877553
0.03325514753298244
0.03214897830297387
0.029799832350786877
0.03463700962456841
0.030598534635307525
0.03170098387425698
0.032811566552405524
0.05542933738792074
0.05020266930357114
0.0327893392943905
0.019963459036199907
0.034344944871523723
0.025710470935374957
0.027302530485786066
0.0364411163252259
0.03784559087335715
0.024139770221482306
0.03378240547591402
0.03979586786771011
0.034729143364754224
0.037143684634242606
0.01986737004336858
0.04028859023134998
0.03015131344065405
0.025165942153697062
0.030060230057254594
0.03156529351693106
0.03219533147961234
0.029301697091094293
0.015988314003123793
0.046904709214332534
0.026924840128204505
0.02805767367045325
0.04967388695790113
0.022251767055951634
0.04054854596577867
0.031563734550251174
0.03702504327293902
0.029803326744291772
0.02862994429699683
0.02882464380698664
0.030719790697982093
0.029997886745755313
0.04526707401596287
0.043565147942662856
0.04049308462205376
0.027385431201677926
0.036058587928801206
0.04210538227076434
0.04714459170140704
0.03309985721692979
0.021695332078539558
0.03733579151308223
0.023936979230978952
0.045345812899668506
0.029206720131450307
0.029411261756252464
0.05191877268917472
0.041882091036937484
0.037338797136391634
0.02269596425325521
0.053211489152365433
0.037708591556948286
0.023595781152128972
0.02641524227899297
0.027633683947217012
0.025595831913221387
0.027833966763298683
0.03529429418979669
0.03224709391117671
0.029773740201700503
0.026627987887101766
0.03162561532327348
0.03523129466563528
0.03845028292791641
0.0322029233578149
0.03952494137414244
0.03994571500810078
0.029966363935147487
0.027968817855099824
0.049040122180577204
0.03136653385141873
0.049759076014890914
0.028964448039711356
0.030812202939924933
0.028593509274577242
0.03439069465136847
0.0292157766608953
0.029769585082100244
0.043165627379107036
0.026964983163337442
0.020362155585331675
0.032456230272092414
0.0360237392708769
0.03069535934131675
0.04264199716580353
0.0264298359351546
0.024261022408111507
0.03866415440486357
0.026591517339177265
0.02377800783552817
0.026795117346892654
0.04743357741525331
0.06196611745577748
0.02961444012990129
0.034835445737266456
0.04830326749103109
0.03356303433346473
0.023989411786278603
0.021851506627472237
0.028667644506786102
0.02985612035601785
0.01914513827835415
0.025643269794896548
0.04163020994094872
0.03194441517036545
0.0286843355213203
0.025713068621077174
0.04250308348878489
0.031056718095432926
0.027035982295895877
0.01878873685311825
0.03650427404144155
0.03949757981463789
0.03373464274982264
0.024102422062572296
0.03207714708938639
0.02399280780058259
0.03424667553777857
0.021774718990965242
0.026295240014218155
0.026176548406698915
0.026348195635363534
0.027429613920809674
0.042044763962006466
0.038668837546401
0.02693847922724195
0.04538924596182116
0.025899271540182033
0.03315284373742433
0.013963434664325099
0.015456657264999337
0.038564589457121705
0.01669194693485317
0.03695453847883148
0.03499905061692563
0.24182107424091862
0.030490989189172472
0.023809715752230183
0.03492641189016444
0.04317222353610105
0.03296396662329429
0.021955250091584128
0.021375960770775828
0.03712941373088874
0.01918996865651932
0.02752799011621253
0.029546248254961337
0.01593674652827047
0.0300787971985119
0.043492780070773805
0.025939927706676687
0.02545112088817032
0.024369241448943552
0.028110797083393237
0.017121456839954582
0.0488527418168475
0.02949080642035889
0.03899462395038751
0.0474617483273854
0.03252169920354531
0.029454183925988094
0.03321919435834674
0.051555211336934796
0.025012199633993235
0.03582739080324684
0.04714971630417066
0.02054400236543187
0.02417869370152777
0.021120786444746627
0.0350466021167465
0.023762049541311555
0.01887901398652963
0.01716288190817564
0.02809282644000188
0.026066797758657795
0.025384137220668027
0.033664205585140744
0.020429008835949204
0.03774831435899736
0.027343756090893092
0.030018777108914263
0.04011896626192097
0.024909637130510084
0.032240842190634784
0.021877605221506936
0.025124114954418117
0.023437854030203528
0.03193321893246682
0.027388925454872832
0.013353793049772777
0.02840501265074041
